11111111
11111110
11111100
11111101
11111100
11111000
11111010
11111011
11111010
11111000
11111001
11111000
11110000
11110100
11110110
11110111
11110110
11110100
11110101
11110100
11110000
11110010
11110011
11110010
11110000
11110001
11110000
11100000
11101000
11101100
11101110
11101111
11101110
11101100
11101101
11101100
11101000
11101010
11101011
11101010
11101000
11101001
11101000
11100000
11100100
11100110
11100111
11100110
11100100
11100101
11100100
11100000
11100010
11100011
11100010
11100000
11100001
11100000
11000000
11010000
11011000
11011100
11011110
11011111
11011110
11011100
11011101
11011100
11011000
11011010
11011011
11011010
11011000
11011001
11011000
11010000
11010100
11010110
11010111
11010110
11010100
11010101
11010100
11010000
11010010
11010011
11010010
11010000
11010001
11010000
11000000
11001000
11001100
11001110
11001111
11001110
11001100
11001101
11001100
11001000
11001010
11001011
11001010
11001000
11001001
11001000
11000000
11000100
11000110
11000111
11000110
11000100
11000101
11000100
11000000
11000010
11000011
11000010
11000000
11000001
11000000
10000000
10100000
10110000
10111000
10111100
10111110
10111111
10111110
10111100
10111101
10111100
10111000
10111010
10111011
10111010
10111000
10111001
10111000
10110000
10110100
10110110
10110111
10110110
10110100
10110101
10110100
10110000
10110010
10110011
10110010
10110000
10110001
10110000
10100000
10101000
10101100
10101110
10101111
10101110
10101100
10101101
10101100
10101000
10101010
10101011
10101010
10101000
10101001
10101000
10100000
10100100
10100110
10100111
10100110
10100100
10100101
10100100
10100000
10100010
10100011
10100010
10100000
10100001
10100000
10000000
10010000
10011000
10011100
10011110
10011111
10011110
10011100
10011101
10011100
10011000
10011010
10011011
10011010
10011000
10011001
10011000
10010000
10010100
10010110
10010111
10010110
10010100
10010101
10010100
10010000
10010010
10010011
10010010
10010000
10010001
10010000
10000000
10001000
10001100
10001110
10001111
10001110
10001100
10001101
10001100
10001000
10001010
10001011
10001010
10001000
10001001
10001000
10000000
10000100
10000110
10000111
10000110
10000100
10000101
10000100
10000000
10000010
10000011
10000010
10000000
10000001
10000000
00000000
01000000
01100000
01110000
01111000
01111100
01111110
01111111
