500
186 248
173 164
109 240
51 133
404 246
96 10
487 131
97 105
101 448
210 234
353 51
79 254
320 297
268 499
273 310
89 332
38 57
213 356
413 340
431 481
308 257
85 254
42 475
341 334
54 156
44 174
131 451
169 32
332 403
45 368
395 9
336 400
210 10
196 339
179 423
122 223
12 458
77 348
365 146
100 304
244 208
314 125
475 32
36 295
151 29
489 92
370 108
305 96
215 312
91 276
297 416
115 186
282 471
217 5
315 448
31 149
296 262
53 485
327 277
9 329
83 96
248 10
495 140
347 481
395 317
419 239
215 268
418 376
203 140
273 169
314 272
257 238
169 34
249 7
379 58
416 10
31 432
247 429
473 423
428 231
331 376
15 268
261 243
35 206
443 84
204 440
228 56
460 127
243 356
463 438
178 398
84 123
395 472
204 115
450 192
363 456
355 301
243 178
181 426
247 432
366 308
123 431
182 303
429 380
60 67
439 252
186 160
492 358
247 95
149 432
373 259
472 419
5 195
163 292
276 484
341 3
224 4
262 93
499 381
24 240
257 380
304 452
364 270
385 194
133 362
296 330
396 120
346 147
412 160
470 68
427 126
13 337
122 462
379 405
124 218
299 377
464 313
180 232
62 330
442 396
175 53
294 140
282 296
177 213
96 165
459 254
166 365
442 174
358 132
262 248
280 57
223 225
123 364
389 401
8 326
279 241
501 51
114 134
38 347
116 316
283 143
434 212
424 30
489 383
2 470
13 358
218 105
432 458
342 60
491 307
474 282
496 297
463 303
255 177
99 406
243 393
398 85
329 304
458 368
212 247
220 107
118 472
355 36
495 161
297 304
109 127
340 155
200 94
74 211
195 138
321 327
257 466
219 68
182 203
320 24
49 187
328 211
281 295
488 45
357 91
411 501
231 474
73 222
154 303
343 83
77 271
10 225
386 375
34 493
377 315
156 492
23 253
235 246
221 349
498 95
320 82
374 375
338 20
402 292
379 98
419 28
325 282
195 234
40 411
58 193
44 69
232 263
323 261
227 89
438 350
103 397
268 165
223 137
215 267
119 288
232 445
282 156
51 234
375 283
447 484
132 371
349 168
233 258
356 25
170 141
270 239
387 388
333 136
45 217
476 251
384 176
8 209
407 152
132 94
435 334
400 194
191 25
187 174
495 219
250 282
295 213
194 115
468 232
143 87
133 272
439 21
328 114
381 43
135 184
359 185
9 417
440 322
479 138
385 476
115 174
47 371
495 239
182 483
82 51
24 71
391 491
115 441
227 138
149 429
429 426
223 485
73 201
81 213
204 181
398 266
447 381
117 176
216 387
68 237
298 64
4 485
411 36
370 388
402 229
127 22
494 19
150 164
465 227
321 43
362 101
333 17
46 70
262 125
129 303
404 338
313 147
444 232
345 405
383 435
232 139
283 357
138 179
419 335
269 426
275 158
216 248
7 136
162 152
244 70
269 282
297 310
24 493
452 493
50 244
122 251
356 10
388 192
144 232
364 448
149 5
401 52
241 467
90 454
332 190
57 321
248 297
58 200
187 121
415 292
312 140
332 475
170 154
387 23
368 253
39 422
53 23
343 5
79 349
407 105
419 471
227 401
218 61
377 168
201 151
284 493
56 296
36 171
268 8
371 494
247 422
241 265
481 367
396 116
412 341
196 227
10 473
87 431
54 44
31 489
481 444
311 380
200 497
265 366
433 259
477 463
118 4
123 335
108 315
182 319
220 311
61 477
251 23
251 9
108 25
206 295
116 407
363 392
124 170
282 84
176 256
371 385
409 161
401 75
450 37
435 313
245 44
209 486
396 364
458 99
374 165
134 33
83 329
83 340
177 264
270 61
178 69
363 177
436 70
50 494
244 93
319 145
420 334
374 330
209 418
28 56
270 29
4 400
209 181
359 176
226 229
58 236
279 10
305 367
420 415
174 311
192 382
29 336
225 217
99 297
296 49
268 161
369 257
223 209
240 43
489 414
183 461
207 283
235 189
93 397
385 451
137 53
280 114
210 146
7 223
240 266
209 222
369 46
185 457
247 398
449 126
266 197
257 28
273 124
457 181
336 422
109 11
225 325
233 415
438 415
117 351
77 211
7 465
10 260
352 292
79 32
491 332
105 399
331 299
280 195
1 32
277 80
238 267
446 69
42 232
380 231
242 194
211 336
182 19
474 167
87 291
95 318
104 16
428 253
149 23
268 55
260 378
451 463
501 455
364 369
283 425
238 316
437 85
119 135
25 361
472 199
188 103
67 493
261 367
422 64
403 356
268 328
131 36
420 172
255 323
484 167
15 306
318 405
154 405
404 355
397 242
343 189
322 341
257 41
111 438
461 350
485 233
471 39
251 494
368 185
441 409
283 317
446 56
162 39
440 457
133 291
213 294
170 48
409 167
150 63
69 43
338 341
77 229
64 439
265 226
298 481
303 20
312 123
70 118
361 390
294 485
260 107
37 430
389 389
409 286
340 152
283 228
120 435
299 365
337 6
421 25
349 185
346 459
308 307
501 440
489 166
135 40
123 327
112 501
464 401
259 473
135 228
316 429
437 208
10 91
25 142
309 81
5 148
118 327
79 251
41 307
16 99
172 47
239 276
377 298
411 339
204 39
359 353
325 322
380 414
390 237
233 331
44 399
411 145
300 106
116 307
343 239
434 91
260 15
120 129
59 361
101 93
131 429
315 381
295 47
409 350
465 268
133 142
443 483
384 458
394 433
38 468
8 221
309 246
360 426
133 300
341 225
55 252
405 243
34 1
124 217
5 365
431 460
182 298
425 129
488 92
203 42
468 339
75 278
212 322
126 252
132 302
217 384
403 74
413 81
332 18
472 188
96 161
38 357
311 35
294 335
252 213
448 341
343 426
407 327
484 322
288 227
201 76
323 109
293 138
28 391
213 401
131 254
432 69
221 316
233 464
417 496
16 57
91 10
276 61
495 155
48 22
147 44
463 428
82 165
332 113
438 369
382 15
293 179
297 282
420 352
128 272
275 429
285 412
445 117
356 182
206 379
101 241
451 236
340 190
238 347
306 478
56 268
272 128
252 346
412 321
289 484
439 195
315 452
451 78
245 50
325 403
279 58
447 258
421 330
344 176
388 434
413 213
236 233
166 145
492 320
98 158
153 425
42 178
278 245
281 272
305 57
13 243
267 106
109 315
318 146
58 320
249 138
145 448
419 263
311 174
494 23
58 57
237 124
381 179
158 187
135 105
58 369
360 81
83 275
99 481
131 186
51 429
15 56
176 48
186 8
29 494
447 264
109 219
74 432
380 206
242 112
481 428
435 229
96 281
189 27
14 27
361 34
175 363
268 331
352 313
345 38
382 405
342 223
384 209
145 32
276 41
316 79
332 263
183 386
132 74
218 258
25 293
211 395
479 185
170 50
235 434
168 207
46 339
327 387
401 280
416 311
397 64
424 477
184 396
207 162
206 336
202 392
23 225
174 317
303 452
270 260
167 342
225 159
33 383
153 320
120 309
279 377
38 174
53 453
355 438
390 7
466 215
311 213
12 11
55 374
161 414
189 264
146 89
88 301
333 97
408 383
42 276
355 312
118 471
353 468
223 119
62 186
61 310
344 270
399 443
287 472
402 1
194 108
461 484
421 62
283 451
110 258
246 235
174 57
409 250
353 216
16 337
32 37
470 459
58 96
253 361
451 192
145 190
73 56
292 298
392 256
17 62
22 53
339 228
274 305
153 263
67 408
384 192
408 325
24 365
217 458
208 73
101 488
283 384
320 155
82 124
132 418
79 308
59 125
418 73
45 57
107 430
47 278
82 378
71 216
333 360
237 154
399 57
325 360
298 403
437 65
98 286
464 194
292 390
201 465
310 141
353 347
464 138
390 308
93 49
177 463
16 180
248 485
365 139
278 147
194 345
286 330
138 294
340 133
306 184
259 123
445 140
87 293
402 112
71 126
188 108
329 30
301 162
77 285
449 378
450 29
456 172
116 296
320 64
457 493
375 289
208 266
319 433
388 193
70 4
243 405
56 478
15 188
190 54
322 430
351 116
486 71
476 342
184 347
153 193
233 136
107 14
14 217
90 382
89 219
82 174
173 92
198 357
166 251
46 167
222 329
147 76
125 171
253 214
344 124
307 288
261 9
133 204
257 10
82 257
419 430
71 337
247 32
163 340
100 72
46 163
25 174
302 270
202 381
167 195
240 183
496 180
11 231
71 217
14 450
402 427
381 318
459 447
457 284
492 452
11 167
237 61
413 469
67 134
335 416
392 458
361 87
135 142
418 8
296 41
1 233
178 277
346 62
40 194
306 81
416 302
411 139
84 435
304 76
201 73
23 80
182 415
431 431
301 256
237 180
260 332
111 83
69 229
427 468
75 77
333 367
79 462
280 212
52 495
17 255
300 398
217 160
473 46
340 264
432 84
366 335
133 139
180 139
147 69
115 464
5 64
354 199
236 343
195 101
140 143
31 324
150 242
382 170
213 266
464 32
260 106
350 151
458 303
111 104
394 231
195 426
413 324
253 115
428 498
415 169
354 386
306 355
212 192
172 480
117 178
163 461
267 233
34 487
337 439
305 81
252 169
74 446
491 14
123 419
166 177
445 412
473 481
273 67
83 425
61 216
341 137
352 329
376 18
163 269
218 419
338 272
93 46
400 90
468 45
3 420
481 164
57 394
449 480
487 81
183 35
192 332
316 178
446 269
205 272
247 216
124 229
172 70
467 141
92 376
323 134
199 47
432 260
382 22
115 203
293 483
349 55
432 371
64 339
304 252
490 21
304 491
74 155
154 6
183 31
443 87
162 130
187 110
87 239
487 331
419 330
182 266
273 305
51 497
104 33
112 145
450 275
130 351
428 255
197 11
88 236
493 186
25 228
404 90
103 170
228 348
342 123
102 7
187 236
198 280
330 450
283 151
64 443
22 39
334 102
474 300
297 5
371 462
173 180
396 427
310 368
219 301
142 87
289 121
215 392
172 122
361 405
329 361
121 123
445 272
436 416
329 43
212 431
150 8
144 139
135 152
245 358
221 184
361 25
266 94
43 59
88 139
224 79
265 405
130 4
342 132
448 490
3 238
208 265
328 39
419 227
8 310
55 35
191 308
35 344
250 127
241 127
185 196
21 75
210 288
112 114
332 62
484 22
311 226
476 109
186 224
441 161
425 18
230 272
417 74
492 34
378 343
364 251
312 117
245 304
130 138
459 465
357 126
103 330
424 52
123 126
145 434
150 494
452 141
3 432
405 25
188 444
328 306
192 203
306 8
223 374
20 423
69 162
430 229
87 217
108 245
58 356
328 496
106 312
278 156
245 433
47 7
196 340
452 96
323 280
33 58
420 268
296 459
365 235
475 301
62 470
142 184
371 21
80 312
289 100
261 391
195 108
97 459
393 410
407 210
145 137
27 287
142 163
118 486
438 144
55 23
253 167
341 157
6 348
485 93
496 264
138 163
400 467
177 127
387 151
157 330
180 33
355 2
480 169
139 96
216 431
332 352
145 298
349 326
194 165
409 26
291 149
126 325
458 290
91 325
334 44
449 350
28 417
7 255
340 165
300 86
90 46
314 274
165 366
178 463
114 467
463 119
424 126
39 29
110 356
125 47
415 333
247 367
163 452
449 417
190 70
211 78
341 464
445 405
333 497
387 75
243 451
44 321
272 319
272 428
22 358
50 211
