9999937 9985501 1999999 1000
233
416
496
198
868
337
902
638
242
504
183
712
889
822
865
813
417
967
7
789
590
805
366
553
599
114
419
693
12
833
664
246
257
167
444
132
505
354
770
747
858
953
467
755
783
340
576
207
314
583
4
905
395
370
466
2
485
885
695
498
726
367
744
984
534
196
124
47
550
894
795
416
855
270
178
646
610
754
853
925
345
857
838
741
235
311
744
720
204
446
226
931
813
971
922
355
174
53
403
725
948
205
148
811
475
327
464
93
89
325
25
434
189
863
183
425
182
927
153
386
380
379
324
201
357
254
557
532
308
960
264
264
172
413
82
648
740
547
741
829
872
767
271
69
637
454
494
820
388
647
213
769
34
538
971
391
793
535
924
108
503
196
373
676
609
456
331
357
10
80
194
883
847
465
952
492
919
454
319
315
109
533
91
143
78
69
535
872
605
467
981
115
663
361
791
280
817
130
637
828
210
831
718
65
303
678
557
230
140
876
545
249
417
637
393
495
706
928
375
318
403
363
434
73
724
233
353
548
363
991
383
574
829
109
639
140
787
204
371
927
88
917
184
505
561
577
7
274
513
383
593
916
746
35
990
477
268
351
33
632
349
417
213
186
527
853
327
321
64
698
256
152
622
441
657
190
26
665
465
539
55
66
463
802
101
460
286
370
811
320
9
168
738
223
354
272
83
681
594
148
387
851
300
16
299
958
207
325
631
673
865
687
739
336
496
841
796
783
218
615
111
227
784
849
450
145
128
534
827
723
682
222
581
983
239
881
949
446
214
587
126
87
281
866
423
778
714
227
568
933
842
679
167
633
535
618
779
664
160
614
395
842
836
977
833
82
865
789
529
87
383
656
174
665
529
597
450
251
824
26
191
674
706
359
315
249
978
102
913
145
717
316
988
561
300
828
643
173
624
180
261
15
836
435
681
373
40
139
625
865
166
816
547
872
183
862
128
168
965
49
313
689
365
309
257
665
144
901
839
769
88
107
785
925
543
474
306
584
613
931
456
779
754
10
658
937
873
786
113
845
835
427
541
208
736
798
874
881
707
720
657
795
828
450
728
378
924
41
963
544
973
426
331
735
437
990
680
317
783
793
170
626
227
711
834
963
517
715
852
231
443
516
34
278
967
763
657
898
805
628
450
785
61
781
527
499
778
214
817
569
15
987
203
243
706
45
214
230
760
73
462
211
589
497
490
564
268
155
469
80
783
919
865
844
708
400
351
494
615
175
70
631
169
274
874
875
319
95
113
86
168
576
298
758
80
788
329
348
943
798
429
733
725
301
585
440
702
936
934
325
119
12
956
288
286
837
171
605
932
284
692
107
860
990
866
941
785
202
296
736
8
725
476
733
35
69
180
737
13
122
70
132
134
33
421
420
870
592
33
810
876
725
918
744
722
791
692
515
1
989
258
9
722
735
742
757
804
923
502
818
53
572
950
187
605
378
608
483
971
641
301
855
374
226
606
104
24
306
619
25
303
878
34
33
620
777
791
432
708
300
257
761
873
215
949
486
594
565
969
572
214
278
435
588
504
48
692
529
355
319
554
659
204
589
692
824
374
490
264
89
791
522
850
671
737
807
164
339
379
141
912
593
419
354
188
924
403
881
460
759
207
22
425
411
611
124
243
985
615
508
82
413
37
933
92
775
747
257
122
134
398
41
727
818
396
916
749
799
804
217
565
19
239
991
431
850
122
675
843
738
191
925
159
229
866
251
11
620
508
134
754
907
176
489
733
572
412
490
379
224
707
944
244
946
943
675
804
73
358
655
811
549
588
970
778
461
229
790
89
738
924
844
653
107
341
394
679
753
884
66
978
599
17
229
553
960
905
365
40
271
27
852
820
616
830
605
84
66
403
174
804
334
26
465
442
367
859
129
127
750
195
113
357
213
343
911
181
256
283
222
527
311
81
355
927
912
960
19
978
371
193
790
706
220
262
155
587
128
285
715
879
480
828
244
694
179
162
875
435
445
105
963
756
187
325
691
106
293
710
91
664
904
882
377
131
151
533
718
280
818
440
167
306
276
411
7
456
574
883
891
26
989
862
783
183
194
482
289
488
199
381
160
111
270
537
243
422
78
962
703
897
410
871
210
687
290
218
150
864
109
49
890
105
911
681
288
113
170
578
601
370
960
762
482
238
306
725
660
385
695
371
289
112
249
500
799
539
719
950
411
828
6
308
933
918
990
229
38
168
808
640
539
775
409
28
20
716
754
681
109
457
59
398
569
309
899
376
849
625
333
267
460
340
576
401
265
574
630
304
742
