1073741723 1073741621 1999993 997
260994
398211
464953
266351
434824
932770
788521
18036
1162021
114392
241439
204302
354665
1041175
355584
283090
30058
106563
57244
617356
59502
910207
643893
374473
915650
216
367378
1308154
555347
319542
518689
1931967
946486
27794
669661
1447064
502434
1006576
182819
205798
127525
691200
387480
957246
423072
675950
525868
281259
231234
834725
129514
730648
3901
238990
811905
9033
477466
687322
604070
408962
406817
835747
85793
1223
779747
642325
1774422
1050467
18269
231164
104427
868945
412180
24360
28283
591095
884663
54733
119029
608962
78531
383192
33072
105160
30019
1293629
675619
37985
70224
9897
1296234
638582
430457
1888550
926494
188277
1179378
1176566
290783
1299798
1166055
564408
360194
300242
521370
95406
944557
1498256
659475
164018
283444
156610
11145
34487
530032
121072
30562
1050242
450170
57270
777556
416527
233631
469151
54542
1011079
184083
981482
440056
389289
1321657
531737
559829
354389
294619
228343
1248030
101223
28322
539184
386395
1487924
1287075
84258
922959
510825
383525
750801
1270411
128939
341862
1129552
323318
92615
705017
34612
1067597
403611
1247858
332452
217133
337278
492561
184211
59483
478088
1246657
311914
1492208
861465
528747
490117
1070692
767702
382026
224120
653132
207610
767
371419
237287
4161
58263
771050
619
65439
549605
113397
661240
1236176
10023
14532
124064
233677
177348
74306
26982
344978
18481
203470
58719
306856
706555
394678
182405
249656
138636
470556
748211
745475
286437
234187
1131282
1283167
1737831
710770
1413832
413665
339212
75378
932389
880939
383748
1033389
716305
1036954
93837
12933
8048
103355
557536
921246
113125
213727
764863
904403
12515
281343
6832
176652
3324
53207
24299
172583
1242345
73875
313852
5553
88110
176041
805863
1023339
483740
1589561
117942
227663
109647
4344
557813
210005
429872
882137
749149
14627
1846441
978351
631904
226315
392263
107871
376337
765766
1082983
339636
221515
709249
306759
227472
763130
1828105
553983
997944
557465
114370
69299
372014
6252
24148
1367760
6586
164714
1858837
452528
321698
383984
104474
5733
20680
610301
1079735
1728515
754079
57559
1257260
471236
962864
437392
814297
423651
38477
41519
7029
28703
795788
975635
739062
671272
6171
87505
150175
1393986
62681
51085
161765
657454
184580
239531
828837
144108
984056
126943
49421
1052549
105303
1296630
718576
426955
658753
310231
80918
1492431
640094
59678
907173
688045
718139
1393785
1457225
21357
48836
160942
870448
104124
438253
1310683
866291
818085
3744
157089
524570
611394
488675
592682
224072
673420
1131010
587088
713174
898827
360057
469266
880115
1530628
621795
1102103
387253
337707
1067501
83969
1011775
331900
567984
163098
1232457
353323
10385
1441885
747381
1571066
756257
361107
1843216
821176
1345222
342236
573004
311887
263901
270446
106251
140680
49436
58133
124665
744201
209755
939853
223097
1657
339489
1111137
1426983
591126
43941
153013
169724
148032
410299
1643499
177855
656823
597449
415994
33118
990693
679891
572531
164105
673267
717516
847625
1245746
288391
404892
118211
1490453
940360
41246
384936
306880
1814008
773931
294049
738202
370363
18773
2788
655388
987426
179302
733188
119887
813216
736118
193285
1313999
205266
160638
223410
348616
76281
506725
433463
24722
252740
72329
378773
1421373
938796
215273
253122
336623
22307
229063
167627
375746
345582
602937
167621
856918
911742
693421
18025
172755
422936
109627
317332
404503
14937
1016168
1162374
223605
327451
1069689
417410
223229
67924
120737
387238
1293834
194301
324977
259787
281693
1156632
538143
450265
1251354
606518
656549
217404
1111560
359835
1412105
98178
239137
987115
1208843
1054183
198217
111884
624214
344522
224701
138727
649355
234706
334508
139684
1050303
365566
31963
276087
33609
984366
1277194
755334
38819
1069913
554184
203967
220211
413074
591463
254961
88988
390801
607382
195642
51904
18241
1074460
1677020
1304213
202426
185494
443394
169042
1528859
303563
129574
697438
76614
186289
638885
285380
13377
228099
140241
906007
57689
712759
1570705
746113
1080225
390097
808393
438987
1161170
279903
133913
737084
354115
331143
365835
1400598
763570
198824
734475
145849
545690
1908555
288390
146781
93615
427420
843579
379484
1081120
3895
145070
120824
393316
28887
773011
357804
769571
296923
1436286
920787
422753
843555
1306523
342772
543770
1136486
563900
708768
156448
38145
936479
954316
1847524
281400
1279103
214461
229836
477738
50909
1061226
632296
17752
556529
948078
69258
227724
263406
18292
77435
58693
1712937
229892
46657
350990
345474
2007
888826
48099
80667
970510
123207
1563390
919672
625538
207442
75242
58172
833783
69687
142406
146063
661614
1110238
44038
579396
269533
795913
7518
588143
1124028
296284
1507933
301343
1314447
841920
22472
21378
691210
217907
1465837
421374
1217
68599
153747
1199393
949986
231458
37042
810423
1544846
288608
1610500
310766
349064
335342
588570
715146
1965788
117121
481554
506368
212991
211792
47998
419552
31813
13266
758746
41858
9983
244101
16273
86445
111598
259827
173781
8422
697029
419846
292550
216655
997498
636187
160526
333644
529747
588516
1012839
40125
1188885
1406436
120491
347530
12418
150821
119185
56101
89464
148130
617975
680049
377484
77612
821708
1130265
138310
907730
485032
42257
130912
2174
264507
425786
106079
612962
243573
536528
177515
49304
413949
1669901
700655
969393
1248164
14512
7803
652748
205147
1185883
281466
390972
405324
471300
49049
1077534
171541
124206
1175025
774398
836026
769526
482572
50586
1067852
1851103
155157
655343
1844920
263715
1385308
239421
266087
7928
795163
1192075
323438
591214
741006
131079
870150
158796
1210580
916027
829713
961853
552215
810649
843440
1070941
295203
805915
433569
1832078
264016
97278
98322
450534
479473
136665
6064
707053
989117
304531
639761
63076
1378259
234604
781243
140533
158412
878480
187196
22037
355290
581937
287247
1870501
330787
264931
180219
36625
43294
302315
577284
303962
869420
368218
154649
1444899
486074
767837
596182
107364
43040
1020640
70551
751024
352424
58047
257866
685275
827306
712369
66873
903003
14451
791336
448037
708527
734184
22935
982266
1029734
1265587
1625249
468862
138181
9656
461974
360845
1105
709290
1107458
180043
56184
886388
106844
610699
29881
122596
503974
551797
502390
316321
1731092
1431712
5777
819507
269405
1045710
34636
46941
74946
472375
793847
397290
1522084
77981
719660
473590
431318
469453
1191867
476146
456757
605029
852659
2745
164370
308960
869164
238589
283703
1728349
37920
506211
1157478
298640
946611
207985
878801
1036073
1365615
1593235
212759
560298
1014455
59189
5032
13094
540953
587501
43694
1413883
1538650
746013
106900
432425
771154
386067
928842
134788
401310
489987
576276
100187
25497
208300
255298
53617
297764
1337709
832484
65488
8352
319181
137897
1151448
657728
128841
1408462
940695
183031
220917
136835
771516
1481041
199258
150088
196098
578456
1337764
29692
596040
236529
110142
378217
105612
524501
1740548
941556
502772
619124
420855
787008
184044
11589
