29872
29750
3787
32427
25525
2060
15892
12030
6032
31487
32238
29953
14744
23478
24092
13763
32511
3219
20104
1757
13769
12775
17186
22362
14643
2787
13145
140
16030
8536
27285
13134
5518
31073
12793
31043
365
28686
10305
6397
27405
9776
3582
9381
486
27674
23145
229
30894
10481
1987
11895
23256
19173
1489
5131
21960
14635
5272
5222
23171
32557
18357
28690
30862
31150
26965
31227
27068
4503
4856
21706
14279
8438
31087
14765
3345
21464
14995
1471
31945
16982
13366
22434
3387
14856
27565
25347
29491
69
30569
19894
32627
16158
15816
30721
14541
10014
29181
8841
14517
1269
30547
28796
9708
28867
10793
13053
17563
25788
14524
16741
10002
27890
6407
13389
9978
1204
5968
6701
1274
3770
26596
1133
19928
9644
31854
1701
19658
28267
10543
1407
29537
8322
30203
6477
4421
8229
19530
21985
1249
1286
5958
11252
29176
12365
24641
6387
13569
30610
13088
14843
1612
6916
15976
21540
16561
15063
23242
3451
10562
1017
4859
7331
9339
2294
13808
13761
10523
570
2978
11773
1856
8936
23025
31033
21301
14898
4652
2102
12740
17740
16946
14352
24657
154
3125
8450
15217
26367
11901
25780
27384
16760
343
3955
19055
14152
17716
29578
14722
20694
8583
16579
29630
31608
14844
18163
13739
19496
20266
26479
4468
4444
8064
29125
4598
11189
4807
19816
4788
16709
12828
32172
701
13171
3359
19756
27323
21076
16567
9278
9002
25150
25857
5865
23991
7933
24028
4962
27429
11526
31441
31897
15970
6737
28255
20569
17926
294
7617
22714
17003
20445
22118
17705
848
25478
4693
28172
13786
21260
4682
22788
13643
30539
28653
4866
5704
19914
9828
365
31440
8501
32262
14643
15239
27749
2444
397
28044
10061
23112
12279
30506
12462
29984
31354
5172
1910
26758
18958
23170
31440
8979
4045
29211
4864
8911
2147
24778
18739
2512
23451
27241
2007
5326
9712
29756
7770
10109
25032
17831
453
4544
15569
12916
1760
14155
18088
3670
8146
4279
26841
6818
13258
30886
3262
18122
7030
5409
10133
25769
7922
816
20242
9929
6142
29954
6917
13912
7296
31950
31743
7749
3726
14544
20665
5486
28699
5986
9157
4077
10265
3230
10896
23523
1348
14158
8877
8378
19567
19010
1380
27489
19826
21622
4650
25968
18809
11568
7112
26105
10750
6087
1086
14476
20631
21752
19962
16563
27738
29119
20640
5235
32349
31536
28758
930
12926
4867
9308
32494
23878
10688
27215
10936
32311
31866
4137
18352
10666
11249
11689
21416
17337
12775
3124
5200
1759
23086
21763
29497
19438
9636
1964
19019
8404
30722
19949
21331
2822
29258
21057
26700
7178
15504
4868
6721
14602
9005
25073
25268
20255
3994
13916
4824
16770
17040
10024
18529
7359
31788
15259
26797
8656
17223
13048
17060
15178
230
5623
18000
29488
26680
11932
3898
9417
16800
10620
24019
25806
2925
16520
13293
6920
30436
18117
23690
14709
28141
9451
22068
27161
24710
16097
3049
9166
29145
20110
24344
29375
25733
9576
26095
19646
21508
29994
29063
5540
7846
20314
31346
10771
4066
11871
17691
1735
29988
8613
16444
25362
18065
5744
19755
10007
21841
22805
19173
18218
10147
10749
14826
3112
20325
8153
22758
9065
5379
19053
14606
13225
6600
13184
23997
10666
25056
8920
12401
22276
17534
28845
14870
2831
1821
1858
12838
23662
24663
32012
9113
2042
9993
23939
5154
30319
32092
27913
6616
4704
14198
21222
17929
20798
1639
9158
31465
26695
18079
11098
16203
2845
7176
31074
5676
8997
164
18514
32660
24827
17758
9005
26869
27752
176
32023
25303
32268
27168
31919
4204
8599
20374
22134
29397
22013
31292
28094
15940
16603
6425
32143
19448
13601
30449
25124
22598
30613
10871
22490
22672
28629
31495
16773
23613
31671
16029
16148
31172
10429
15300
2608
19028
2906
24742
15658
24919
23267
10984
8091
7102
17409
7466
26551
31010
5148
18907
20841
2993
29778
10563
25666
25640
9291
9671
16485
8194
25700
32634
6598
3362
15166
9207
22390
18072
1181
5280
10223
24448
16265
18314
31551
906
25780
25334
31917
30928
11473
19990
1154
8484
30553
26820
1356
7076
3723
17841
15271
29424
17707
21869
18
105
31076
22408
18177
32258
27689
28400
23938
11186
13946
22721
12092
6959
15287
11241
5119
26761
31231
6273
2477
29017
325
3833
3325
4049
21674
18596
705
6614
7698
723
6719
6006
23131
24897
5496
18052
20529
29435
29238
1708
19388
8563
8667
1908
19804
13786
28669
18268
20060
31146
14517
20385
2211
17842
24434
23885
3671
25139
30499
11369
25862
4451
17375
16226
29348
22872
1510
17109
19539
30749
18817
6159
6544
27484
8067
26348
8503
3968
11848
28563
2346
26365
16180
4557
11440
7847
28443
15111
218
26174
26480
26081
30625
11087
9539
27205
1191
11049
11547
20730
9030
30364
26890
15574
25081
2189
9155
816
6158
21003
29379
8504
14601
12791
13062
26041
20638
8737
8384
20857
2143
2096
14170
1
13183
23709
27206
14375
1990
5985
2337
11021
3582
29227
26595
28663
31417
2982
29479
4807
23986
26090
13311
5819
6113
26373
31860
26752
2342
7476
14841
4486
9572
29011
4487
22755
19952
31693
4362
21942
4911
6700
195
8493
3159
26791
4388
1808
29773
1099
6615
20991
27189
19927
26810
534
13532
25902
27286
15875
610
9359
20361
10182
5602
24848
170
25554
23773
4532
14729
28684
11232
14924
4409
14392
8947
8797
16200
5953
9896
22816
26944
4317
9975
20987
4852
23507
14121
32138
6614
14732
8730
26975
24914
14332
19055
25084
7119
10061
29617
21848
5977
8081
4004
10387
22473
12952
19184
5906
18905
29081
28722
13081
630
5929
1300
5482
29436
15422
4853
3283
30154
13583
30258
22300
27915
16546
14617
2266
26607
11466
24114
32584
19547
28119
10203
9253
8303
29388
15159
27208
25701
11113
7521
26331
17042
8822
31814
13710
24244
3899
16993
21630
17482
14484
11162
12629
31030
25779
14896
24869
4477
6242
24685
24025
1593
2121
510
9896
31509
15669
4336
24442
26782
11858
18005
11056
20680
17051
24766
12156
20950
8992
1018
5664
23476
12180
18294
21738
5192
422
13839
9669
6664
5756
926
8258
7877
1436
18154
6618
17105
22491
31060
11119
1581
16298
22175
22261
581
14174
1649
21532
23166
2667
27196
13874
14847
12722
2844
20039
13144
16683
29709
19809
22439
30635
28067
30317
32072
13453
4167
16409
3176
2460
27529
4757
18758
16936
27018
19339
31110
28667
8103
21508
31334
2532
2614
13414
15254
5458
685
28399
22141
30394
15440
11813
28262
10739
9362
27566
24192
13529
11207
27369
15989
5968
32126
1979
22905
26377
21319
21247
22276
29422
9988
20843
31954
12602
1489
14441
18061
2174
10072
7434
32569
25512
19247
28063
3483
28609
22861
27675
9371
1300
22276
25360
7269
21635
27340
30174
15244
15891
18653
4752
12545
28641
25595
11732
8476
27084
26173
26537
29259
3477
1203
29060
28989
20451
24355
32472
16292
14448
27379
25663
15748
16888
18256
23017
5755
12828
20423
20999
28719
6309
25751
8496
2182
18579
20228
10658
12895
13633
4427
9386
17110
5631
5678
13331
26082
30033
13035
9606
11713
7647
2502
27462
24535
20758
17711
30290
818
5367
18521
29537
11676
11504
5265
13858
30083
25494
24517
10211
6359
28944
19597
23470
1807
25276
4033
27889
22541
17069
4728
1487
24716
7230
28949
16483
27988
13892
14005
28806
19259
32526
25575
30935
11262
30840
12026
8578
23566
3775
18789
29926
32719
5618
20628
1759
30894
24661
29648
20668
8962
1608
22155
910
8838
18336
17393
4058
32228
31398
96
18720
31156
25671
16887
9651
23744
28913
18229
14542
32688
4250
11700
32640
9868
32328
1631
7995
24222
31279
28663
416
120
18050
1327
8958
3618
18720
13017
3078
17351
13113
21798
15739
6017
5918
25390
29761
2063
10851
11535
1984
15101
23236
1856
24970
22796
3487
197
14250
1998
28860
14667
2118
14142
15994
11077
17760
1946
24094
20838
19297
4439
9869
2269
10456
15787
27659
7449
17850
5743
18985
19834
20844
9453
21690
13046
32249
25177
13243
13732
27176
9335
28399
29294
23477
11625
7603
8469
13571
31697
29308
101
3369
6409
2370
13825
22196
30029
21275
7278
3004
7492
27113
23849
16945
16035
4127
16426
8445
17371
30158
2853
26706
25789
32147
17416
4646
6983
25885
18218
5912
22425
18319
9281
28834
20689
23107
18262
17950
11614
25541
20955
19106
19886
12036
3283
3153
16163
19709
11598
766
17100
14451
27473
10121
13831
12121
14768
20814
5238
218
26726
27664
18537
3240
23730
6458
26347
9225
24408
5193
1998
12595
24299
21884
24631
27582
25037
8027
14523
3868
8793
31623
18319
3498
8977
32150
15619
23745
20196
20858
23963
14155
15754
9732
17395
6716
16190
10974
15941
7830
16167
17939
20426
7698
7055
12289
2512
32093
20316
17035
3193
29110
15891
21512
32608
24868
20895
15460
15845
8323
3550
7040
22478
19304
16772
7105
26020
194
18079
9194
8024
1478
27133
28450
9176
1421
7972
11688
746
28288
28724
3939
24630
11847
25451
24471
3947
13578
7163
19792
21902
10713
26832
11612
30017
10836
18718
23269
11030
4029
32463
19054
5508
26829
14737
14684
28250
22709
26373
28996
18229
22329
167
10092
1408
25618
1795
5355
6429
8958
25147
28331
19671
19211
7175
16920
30047
25893
7421
8309
29923
7117
27363
2663
1178
9332
17347
29428
32041
10952
25656
17503
513
25823
27595
1921
18673
29390
7276
25102
5580
32423
20665
25251
18866
27841
9403
16145
20966
16824
24454
18121
23941
19050
20784
25119
28382
5364
21779
27656
16316
14667
12391
16830
7722
7218
18751
26396
3840
26028
18730
9420
25683
6628
1903
11782
1701
11306
27927
22667
28130
19614
8021
19304
5896
28805
11655
1510
1401
667
29166
17718
15334
8789
1780
23057
16007
20531
16685
19847
13791
2647
29267
6707
9275
31170
18489
10976
9708
13648
876
5071
494
8897
24375
6390
4934
3262
7901
6336
3929
4299
24054
19264
13089
25834
9553
29096
13597
26238
16176
27389
28885
12675
1328
5393
11078
19817
16369
20786
697
17245
25857
1192
26142
17464
7582
31077
20727
15483
4645
24656
19783
28699
11152
104
21765
20705
29200
2594
14175
12608
29983
10293
25284
31311
15686
3594
18360
32055
24380
19058
16533
17470
20250
9907
2166
27832
8216
22893
10548
12861
14782
30331
8792
25934
30435
30557
13872
26867
384
28047
6708
30367
5572
31992
28911
21258
2818
14503
20546
27198
793
4311
11900
21043
14218
14067
16108
22435
4192
26656
2528
18974
24219
11321
12141
21886
9110
26013
15985
9494
21292
22693
7094
26865
21917
3237
15355
24735
17740
3133
19166
18534
7444
31066
6809
21663
12365
22917
11330
16558
16805
13858
2764
8256
25179
14905
30142
1522
8150
13360
11016
29443
3285
18110
23540
25203
21347
6127
17170
6320
9261
3568
24854
16705
1867
31663
5600
14232
21813
16930
30790
5850
30789
787
14107
23200
15692
11481
24722
23843
24841
2971
20518
28127
21081
11290
20562
9661
17417
4964
15981
26678
8533
8067
10616
10400
6962
16216
24632
28775
379
22655
1858
31168
23442
15965
21600
6366
27446
13555
30209
19520
16526
17959
14879
4839
29249
2673
14500
13899
7637
30481
7809
16170
5780
18425
26570
12743
1874
18435
8750
2253
8322
10608
653
31764
26573
22253
5362
21252
3040
2804
8004
19566
20763
22883
24406
17245
25556
6138
31144
425
3852
6185
16596
9632
24611
10398
22375
26485
28833
31126
28738
4387
8966
29391
3383
2772
18876
8746
24024
21917
11550
32028
8715
32313
22143
353
16790
14931
6492
15166
15356
10344
21352
31952
19976
13195
9583
9584
6912
5648
7942
2882
10036
16908
32273
13419
19680
18381
22165
10936
7530
947
10196
16246
493
32339
16599
17283
14502
23091
32450
29859
667
21034
29043
20644
1461
5858
30228
8373
11507
5402
11255
21543
22310
10760
2194
9223
29141
24360
20159
3904
25307
30356
20150
25800
29927
3981
10316
11662
27073
9998
8753
27740
31032
5028
15616
32493
10887
13076
8098
22394
18478
19353
11169
8021
30113
13363
17244
26486
4955
4635
30390
30263
2223
17772
23295
32151
21754
843
11045
16059
10841
19798
11031
9105
24826
26648
8830
2945
6956
16928
25339
25435
3513
3740
688
858
17104
17932
27345
22059
22567
24967
19554
24791
9972
10082
24174
31726
10925
2451
15017
21767
22249
26048
30872
14307
19928
6935
17253
26885
23863
9824
19552
27377
13565
20240
28235
30669
5404
22812
19960
27971
15012
6747
19994
24984
16829
11400
23942
27754
13851
6191
16753
3332
32239
14858
17640
19400
21793
2125
13517
12888
11949
301
7497
25514
20541
2965
23415
25945
25777
10608
21148
8021
17355
8375
237
1416
19775
24179
29170
859
30370
13156
4191
29842
28014
21831
16474
17039
23956
29991
29927
3138
30292
4657
28652
18065
7622
19300
11242
631
29908
32390
8653
14495
7997
8890
15911
27773
302
12313
28632
30672
25469
55
27746
20715
21887
11452
4986
13075
8675
2146
16213
6199
6803
12098
24264
14425
31398
2738
15056
28538
2361
23709
10265
10358
32600
26176
5363
134
5721
1227
30806
31191
1283
25785
19138
23170
4469
24125
3477
13145
26271
19691
19344
306
31789
10841
14731
30419
13579
29787
26189
15940
20729
3686
26299
20561
29862
31662
20695
2815
122
18733
1238
1405
11750
20377
24575
16220
11734
28052
29365
5237
14975
15941
5543
13996
26782
20274
11647
7594
17293
5068
23534
5254
8754
17065
25815
5848
15960
13742
8664
16082
32476
9902
17487
11458
30279
9294
27678
9245
4578
24275
14482
19554
7449
20025
782
1463
7531
12430
9057
24825
17498
32592
30079
26253
16889
23127
32101
81
4101
7997
16163
3809
17900
882
15268
15411
10176
10178
24657
14755
1686
6371
1541
9135
26397
2323
10598
1160
14753
19656
25985
32252
19480
23297
25737
3601
13656
25070
3683
17757
300
19846
21567
18200
20729
4067
843
30905
14245
25500
12892
15931
31872
14433
25066
25501
16757
2897
26661
31510
22553
19879
30994
9265
10408
23963
12866
24064
16266
16549
9053
16566
3628
30620
1998
24357
1919
2841
22494
16165
28342
2619
32096
27446
17052
24395
20179
1041
27292
14072
32552
17077
1183
30778
26342
11591
21974
6440
2887
5472
22990
11941
22038
26618
9793
24036
18207
11713
26877
7933
27878
22451
10552
27206
17129
27605
18833
4540
28646
13357
18613
28430
30434
19796
26441
24008
31388
15647
30449
1507
21119
20671
13448
10389
14521
23242
1657
32728
2187
28534
7893
30065
18218
18446
24503
2579
13283
10569
7120
9161
23926
25733
4824
21593
12761
31265
12833
11381
14144
10514
12889
2495
31185
26337
12884
12938
16811
14541
12898
18998
10307
20792
16295
28525
6470
8031
31105
19753
18600
5457
28914
9758
31190
970
31351
11183
32235
11417
22565
13611
21931
2686
16106
20349
29023
28990
519
13067
10763
13418
32065
21071
1442
15593
16828
7912
23624
15165
27665
9456
20622
23811
19214
19044
24782
17798
30228
24249
29215
20025
5093
18378
22711
21199
5959
18966
17422
6479
32033
28185
19897
31331
16488
21339
14156
549
29251
5012
15714
24148
14468
3569
15191
914
22613
7205
18712
20073
31455
15159
7330
3780
770
30041
24979
6729
16240
9633
13208
15505
5051
337
14068
21539
21676
28224
22088
18159
468
5035
9539
14936
8604
24731
15851
31217
31936
1795
18523
30623
16955
25853
1635
17725
23127
26615
24454
6599
3480
4895
22104
8531
5232
3405
30071
26909
31629
19391
12300
32098
24426
21840
14266
262
13803
30117
31480
12971
31913
17235
10827
16100
10320
12462
1057
679
6309
25511
7278
9790
30406
29383
18321
2871
20
15624
29780
31649
2248
9312
30979
26674
31152
12478
26937
12187
9827
25649
25159
8972
10116
3218
25072
20436
15680
26129
21116
21990
18873
28394
31780
16511
25009
17333
19382
25029
190
16394
23911
2438
25707
22122
29112
24091
1832
23281
3511
11660
16162
28670
20632
26278
31888
12937
13947
14800
6298
2295
4022
25171
30689
3034
8915
22931
20368
28297
15192
20558
11924
6335
22996
4863
28458
19340
28954
30290
9854
32465
9182
26016
28367
29815
19527
27487
9984
706
9520
16282
3001
13542
8686
922
16577
17601
23853
4177
13130
6278
24735
25054
12613
14963
29917
8303
1535
26104
5826
11389
25801
15008
4638
21401
12055
24165
16120
22039
24871
25640
5554
27872
6415
14240
28794
22992
31841
19880
27169
12203
26158
19136
4490
6003
1331
1639
14307
2866
27743
20133
14256
20777
2373
18894
9410
14429
10291
25530
3700
2394
18403
9254
30266
24818
23494
26292
15042
22567
13404
9443
2003
6794
28579
6493
12798
29910
8132
27105
8
3108
14470
14264
23885
16843
390
527
31272
10681
26057
2205
13075
11692
11459
10573
3742
2186
4098
18784
24753
17502
28227
26756
24297
24038
481
4327
21180
8614
31432
21189
11722
13134
2685
2839
29977
3076
3366
28482
13757
29423
30687
26833
8348
9378
4638
12090
11564
8736
30875
3550
26239
26334
30306
17768
17605
30788
22095
6017
6634
20759
27206
18356
1125
29892
21195
31102
200
24561
26816
13957
21216
24735
8022
29564
1346
12661
8887
12910
21397
6994
16460
14868
560
13999
32636
18165
12019
21963
24183
18653
9954
18621
4241
11079
15745
25436
9414
15945
17229
3462
29903
5677
28198
5157
2474
29544
17818
11361
9686
6448
18355
26147
21316
18915
7378
21185
4313
19397
10380
28496
5282
20335
14349
9523
31414
30095
2191
8060
13272
19420
11523
10407
25097
6953
15565
27571
3729
615
6164
13415
7063
24519
6794
28380
10667
14172
16797
14980
801
27177
10708
6083
14744
25057
15606
13391
22384
17797
21451
2889
4449
206
13296
29547
7159
28861
24350
10888
29477
30515
24304
3772
22266
31098
32152
165
12503
16181
15145
13304
10591
25853
19388
25335
18143
2226
5958
7759
20024
27410
10648
24473
27616
23945
21252
2008
20038
12835
12896
16747
10582
4432
20520
80
2763
19904
246
15266
3318
15391
28570
13909
8477
15190
6476
26620
17417
12435
1611
4673
7077
12260
29146
1925
3437
17631
3933
23475
30466
16830
7455
8280
21262
27975
8360
24025
15111
8606
6523
18429
23998
2326
32338
32475
17516
6047
26327
2165
18482
27938
6838
25559
7430
3217
27484
10867
20848
31418
1575
18546
15480
9030
26826
3974
4237
2418
28000
19348
11025
1755
5010
2255
4081
4580
1962
21598
10627
28289
23763
29109
23459
30602
21900
30890
1051
16617
8989
21899
15267
10564
7677
30747
19594
1735
1953
23831
4153
29953
10412
15178
31709
15422
17433
3022
20002
19395
24620
30630
14916
15616
26971
5608
13450
16104
3730
14501
32721
12719
3632
15220
23284
11309
13199
10110
13044
15152
1174
17197
12338
11586
32376
11279
27008
17041
14301
14242
3669
6154
12104
18585
21770
6308
24193
2452
22412
27923
16953
22365
7875
20585
4817
31159
31894
18016
8501
12170
400
9675
29367
12738
21261
28975
24017
15501
13249
5551
29744
16918
11705
9080
2735
707
15388
26929
3159
5032
22084
20112
27397
29959
7929
32214
28350
7055
17462
4084
19225
17863
13759
15824
30601
2253
12032
21851
17754
25281
27402
14730
9431
6339
23811
12166
7046
6431
6327
10205
11464
28412
30317
6093
25603
5478
5540
21186
12533
23002
25270
31758
8097
6261
14814
5931
8514
26846
27782
26269
19359
22416
8231
28790
28755
32042
8189
3033
5706
14516
13238
17170
10160
10787
23263
2996
16265
28803
24182
28798
19038
16684
27788
27135
22945
9834
298
31460
3913
28080
24961
23272
17728
424
19295
13715
32467
27484
16748
5405
9232
29986
22575
19393
8005
13070
22389
24270
9106
13803
20300
28144
30487
15320
22511
20664
25155
22810
19356
29068
18122
11549
19572
3083
11974
6099
16798
11673
815
779
17078
10048
30765
6885
29441
6003
19955
19062
30273
29061
97
17806
24437
30584
358
14181
18480
25513
4223
5069
21813
22345
16618
8618
25428
28592
14717
9459
7497
15533
10238
24575
25581
8235
31460
22254
14238
18648
8548
11744
14941
8645
29550
6611
6461
29908
20792
24941
22654
25015
30010
11699
14592
13861
20317
7253
9685
2267
16712
17183
17800
26950
8990
10613
2417
7683
99
16656
26331
8647
28400
8504
17292
25182
15115
23753
22322
3139
15926
12208
28154
13169
23908
9979
27030
11457
17232
3947
13724
1176
21130
31524
28126
30121
9369
30543
5036
9468
14431
31367
18115
10063
7103
2639
2477
22219
26392
24800
25358
9551
4240
20745
22720
28148
30724
16982
6838
15188
20929
20562
16364
9292
19319
11722
6645
28688
9497
11681
5389
23929
10280
23504
1224
17383
26144
3702
6834
19768
28502
32193
29319
32742
20170
19271
28123
18126
3485
2193
546
24415
22755
16910
939
9306
28632
7584
5227
5361
19265
10616
29290
29545
1352
30515
14160
27496
1449
20995
14497
29951
20420
11048
29925
7822
30320
25280
25948
1037
27473
26494
25452
17461
10636
26391
26767
6500
1207
31994
11861
20472
9842
8384
17249
11195
6131
31410
5923
7580
19637
20420
4763
7289
31469
1920
15111
29021
27201
8291
30058
21906
2017
22743
6599
12653
16366
599
19153
17574
32593
31014
5278
9668
6630
22528
20863
12761
21170
26786
20341
8039
14439
25104
15328
13140
27025
30439
9393
21458
5962
6683
10596
7979
29426
17196
20632
13025
17795
7017
30599
17620
5263
3109
27288
11894
25637
15383
24655
14039
9402
12229
22078
23841
4565
4638
4213
31590
2309
13606
20280
8271
20289
30877
16250
16948
15305
4114
29973
332
11131
27804
17952
16395
30913
12473
28289
23783
27856
20176
5054
4490
32405
27133
28331
4203
31771
32544
3025
1313
13382
23306
9584
904
21415
25835
17852
3952
29949
15057
4284
8313
10093
22236
24708
8238
1941
20229
32021
29798
7637
4308
1520
7275
31441
29852
11478
30444
29628
14503
31757
10243
5041
8574
11147
26456
1641
28999
30408
31590
11288
1924
7135
21381
24161
31843
29619
26102
19304
28873
23132
26942
413
24653
1449
31854
21737
12927
29530
18597
27430
28520
28840
32472
4326
7219
26160
5967
3450
23801
4789
14738
25725
11925
3351
17118
11000
203
10453
30305
29076
817
24479
29489
25470
25928
28575
14439
6087
25337
269
749
21089
29109
453
25415
3561
26614
31382
7011
17647
3404
21750
10604
15329
25101
27723
26329
25304
5408
23866
21612
6225
15577
18333
31696
8737
14140
13367
14824
6710
13636
15574
27799
9978
16027
20447
13539
9873
19061
20550
27520
22465
9532
5357
5026
1866
312
31356
27170
5720
22454
16015
11945
5264
1580
10873
14001
15721
24241
28826
22431
5109
11632
17462
15087
27659
5141
28626
4765
24203
16409
32285
13900
25941
4874
18927
27807
5186
17515
22210
10906
7201
5457
22852
12465
7037
957
26467
22758
25198
22525
12421
30308
1389
29884
12627
29048
2257
8486
1045
26460
24895
563
7593
18068
5437
26520
13108
10624
11267
2550
21530
18468
8007
11614
30934
15044
12572
24633
5035
5002
14390
17456
2542
15779
14572
15170
12059
16830
23656
13105
10522
15783
13668
18115
1083
19105
11867
14191
29729
23134
16741
18492
8835
24748
30106
7001
7025
9910
31634
12060
14913
13256
29516
17455
29035
11321
32625
8326
28151
23513
21431
5905
6528
2331
24021
7612
21437
3120
21803
18398
26255
5777
4122
2322
30525
1461
9323
4782
11371
8189
16842
26284
21445
13591
10972
17712
24912
10829
26038
20295
1575
14702
26200
8103
17033
17453
15715
5702
20574
4751
24101
14061
10528
28223
16383
8285
29684
25706
13068
8288
1127
29910
1804
22572
10733
12776
7516
2877
23606
786
23172
25181
15488
16605
516
32522
1290
16232
5456
21864
20983
29557
3157
31511
25013
19540
7028
21929
12478
20096
30217
13605
17239
32022
3409
27972
12030
10925
30850
2868
11712
21254
28049
27200
5091
28566
26954
6382
12030
32411
28246
245
29200
31404
31756
21445
18176
6016
10607
30655
26113
8056
11492
10584
7310
14902
5788
19341
25827
3870
22209
4771
25125
17491
31972
30216
13289
26158
3830
25319
25801
32077
25564
22234
30713
24552
10911
16121
30568
21518
14008
23913
29575
25501
1729
4117
7635
7518
23458
694
11388
12900
5466
3745
30391
4670
1194
10912
30828
5024
3463
23862
4333
29027
13328
2278
20811
24239
18400
18611
12990
32408
9757
9797
25141
11486
13914
8
19004
4605
703
30393
17505
6169
1370
15128
10839
2564
26040
8899
7589
29503
32761
11922
25762
13321
14201
13805
4793
32601
32416
17783
32241
9405
27580
24615
20892
8726
24623
7128
13331
25326
4753
30836
31495
6124
13196
9566
8688
6468
18466
16277
3203
18459
28200
28965
31781
9633
10002
3806
9466
9651
21589
8939
19056
16401
786
7180
25127
25410
14309
5691
17968
19062
3759
16696
25186
16956
26262
1107
23424
11960
17384
26628
30420
12816
22825
29433
22449
60
471
31915
9711
22060
8087
28767
5693
8873
3180
30820
1515
17489
3743
19484
3783
7503
3412
28970
24459
29674
30077
15115
8867
14693
8975
6519
27510
31801
3184
17191
31861
3655
16339
8804
25715
24426
4803
31408
531
7983
29460
2047
25472
436
21531
29256
7939
24943
25458
32398
21849
22767
14745
30716
4692
23721
4467
32202
22754
7651
16626
21847
11306
197
30651
4253
24623
2686
2893
25154
10670
32354
27201
3374
22
15964
32630
7961
8139
25320
7591
29989
15319
22336
27937
20012
13289
32405
19446
3275
7288
3304
25122
18595
3501
23005
22848
28124
25692
25742
20511
3594
25328
14944
6968
25350
30909
6831
543
6280
32151
8134
3501
14703
30470
31439
1947
10992
31076
21393
14267
5596
24698
6622
24191
28199
29627
14272
23556
22551
7246
11299
26145
32574
26243
346
25156
24384
7177
25699
30665
6560
1065
1398
21263
31535
69
23210
9759
31145
11836
24027
3974
3766
30649
28165
31965
27508
9669
22753
17292
16915
1284
10669
16721
27528
11015
9109
19144
18192
2040
17041
24753
3105
18440
13248
1873
18509
3691
11632
16887
15527
2891
20861
19293
772
16258
18490
28281
25928
8476
12805
10075
9760
23474
26797
4520
1722
3138
23665
19914
5179
7938
11899
8284
26378
25148
10157
12120
28839
21790
29007
11598
24681
17100
30891
25454
590
16613
20967
26518
25089
1004
3826
2082
24478
30623
6602
26200
993
30267
13347
6172
5438
25246
14457
31816
17626
24614
11168
13697
13636
7407
25295
5550
24507
23418
31004
25098
7264
19203
18848
32353
20207
22674
1667
11917
20529
8270
5350
21523
5769
18697
27695
11207
11175
9384
10256
28802
1231
21424
9731
14867
28832
2259
20417
20571
25677
18653
12901
173
5088
31750
32527
25295
21656
1426
4445
9418
9696
9795
30941
15466
28492
25868
26673
6899
2485
4161
2933
3716
25586
12665
18583
21650
14924
6233
9453
7833
24886
22355
8007
29975
21337
7766
22502
10225
9192
26947
19643
18889
3974
17816
1587
32466
10917
28260
6598
13402
32422
9531
17118
25240
22196
2933
14122
4352
9166
23575
12186
1285
13162
20193
31260
1731
27959
20994
11957
4383
15174
31600
23272
19148
16649
24859
18847
27566
20352
25445
8200
20006
2208
25318
12478
24405
28251
26600
28757
4650
17407
8175
5935
30570
28368
4427
32301
23559
25421
11490
27943
7827
10323
18447
26976
26972
10539
13055
21770
30891
5732
29970
18129
7940
22520
30607
32345
18003
24439
28335
22653
9078
3742
28588
6880
32111
247
6414
22902
25669
17904
18077
728
28227
3757
27704
22431
14296
7991
11433
12419
13723
8635
30548
21664
31155
28387
21241
16391
20058
16808
6276
29136
20551
2097
3249
19894
2344
9663
10028
28013
27567
28106
28742
23027
31863
23678
12690
13391
31670
24124
25810
12625
32759
23590
1521
31147
19209
22763
14770
6499
6803
21046
2867
27354
23143
6116
14480
25488
15779
24509
20733
10579
19847
16707
838
18942
7618
13528
32333
6520
4884
25375
19145
4876
16197
20667
3255
2638
10662
18025
9137
17465
6303
12004
12052
29447
18121
26532
22167
1132
18273
10132
11711
5352
26840
12549
24294
1690
26078
23859
8210
30962
16466
27355
3070
32663
15254
6325
2533
25916
24350
11670
10614
30654
23675
22666
27333
9028
16430
16732
10160
1936
26864
21872
7288
20936
1653
31583
22626
27731
22674
30836
25926
6373
25424
28996
6268
7910
2554
8802
1059
26904
20472
11673
24790
11379
1571
19355
20407
18001
3319
30568
19937
30184
19672
27226
18352
21325
26041
8211
16289
15947
6279
9447
22320
31703
5675
28589
6846
8229
4623
7905
2366
25095
19578
27156
3707
21149
13744
24114
6382
17063
21914
26320
14479
8818
20778
64
30144
14051
8275
13665
29998
14554
23112
19551
13490
28787
15372
20336
4249
19995
28241
6615
12322
15051
1003
16029
3432
14747
7376
9814
31811
29290
3366
13522
5341
24144
13586
2717
5427
21861
16382
2658
3648
6726
22209
17138
2745
4813
4706
6994
24808
179
13609
4362
15230
14613
20392
18662
29360
27768
28476
28403
24290
31843
9158
29631
23219
22744
32348
28647
11838
15962
31305
15486
22688
20746
32624
25434
25559
4562
32428
17599
4741
13270
21961
19971
27883
9585
5865
24475
4585
1573
20111
28876
648
29269
25739
23868
19245
25320
19747
31083
8514
18284
13801
31203
6262
13657
23869
31821
18219
23529
16652
22960
4031
5845
10163
31914
15431
16028
23622
20016
17602
10965
16124
18250
7466
9096
9350
26711
1648
29097
25027
10162
14613
6060
8597
20875
19718
32466
19928
5169
23228
3812
28130
27259
9658
5525
26406
25089
21554
17260
12337
6388
28225
28462
24638
2923
4790
1221
29634
6438
30318
21893
16600
12164
27954
25198
271
14904
24896
20200
20073
15356
24012
15435
9848
902
20961
3486
25991
9747
20746
5561
16135
16203
1255
8005
19126
6045
9226
15992
12483
6777
5118
29083
18941
304
21513
19212
15208
13642
6644
2513
28998
30657
17949
6078
31559
6142
9564
24783
15889
30310
30344
32024
13745
31599
7261
103
4876
16488
16096
17359
23265
21214
13674
9438
21518
2420
28650
3958
16062
2527
6471
12292
416
24420
18371
31975
30562
27935
23990
13683
25478
21566
12939
6455
20397
20201
6559
25273
3921
22655
9864
27186
11101
23539
3856
32619
25959
32506
3809
9253
2265
10280
21545
2681
1933
7148
1889
32495
2316
25879
13411
27794
14678
26350
1481
2307
13783
8040
27581
17704
30695
4677
12122
9028
28216
15978
8879
21407
15717
12688
30660
17982
22969
19438
20664
24902
26586
22553
24629
28902
15664
5272
23928
30342
31623
25410
32650
12638
682
27463
30343
31378
32140
9697
7638
27589
25676
16518
16228
8625
29206
14121
26607
19407
791
14503
11541
27377
4288
3403
23512
19953
8675
14672
17527
7530
7314
17409
20169
7997
12104
17744
6607
11477
27441
14245
6298
20349
30763
22526
28974
27202
3879
22814
13841
4670
4549
25383
32048
8838
28786
22792
28791
4693
4696
13550
12224
12011
30960
32393
20008
10296
17369
26615
21773
12042
8092
28071
32392
6088
17830
28598
522
21709
18644
14363
26380
23194
6978
25660
32032
2996
15684
28055
7690
20380
8837
19914
32391
7029
19539
19631
17326
4140
13478
6331
16182
21571
1635
15806
27659
19465
11637
28181
8406
30281
9776
2018
20707
16755
27678
19971
19751
10594
15258
27441
30975
24096
14587
30598
31125
1358
17462
15683
5498
30940
22015
21681
19743
23650
4719
14634
10347
16356
10047
18753
13870
19824
20772
1809
3811
15682
21781
23562
26277
4271
18236
24484
28367
55
22314
26725
1414
7008
9640
6912
5181
31655
28593
24924
22537
545
6791
116
16901
16838
18870
30771
3894
6874
32581
7705
22556
21594
31268
16065
25865
16736
7781
21465
16791
30096
15422
18205
4336
25062
25118
9517
23950
20943
1674
13719
21488
8465
13836
5622
25303
32706
3625
29198
6812
3438
4135
29368
25032
2635
12666
18130
19371
20447
6827
3395
17775
22249
21600
22112
14543
13950
31629
5725
2126
535
19445
23614
9000
513
29236
1536
451
94
30734
7263
3532
2101
3863
28565
4737
16529
13927
24108
4209
20754
27503
21984
10235
16336
11328
24778
30286
10190
30504
32412
10725
17181
23259
19726
17694
19727
21262
18145
19821
19228
25408
23354
21329
29271
19151
26066
13033
310
17407
17242
21064
12142
6458
31299
28478
17787
23309
25997
27977
21045
25641
5934
5458
16132
25660
23152
3092
14154
8529
22913
614
1169
13499
21944
30441
32650
15242
10706
192
32649
27948
21256
12024
1638
19787
7734
19425
10329
963
14634
31374
26605
20569
4065
9969
13461
27217
13061
27616
2979
3207
28230
4148
16706
17406
1821
16589
32649
12527
16781
32530
7707
5270
11786
9346
25057
19521
28771
2618
20484
10638
1225
14321
31207
5290
24291
11900
32507
4584
6748
2718
7791
2211
6867
24498
19617
8688
8319
19498
21216
25100
19261
28923
30370
31047
5501
22660
17800
1505
25278
5517
12143
26503
19838
10582
31793
11361
22482
31533
15946
29231
1483
23737
31442
8350
15467
18291
17039
23786
5022
5487
16119
24283
1642
13721
22562
7144
3613
7595
8649
28892
13112
20792
22627
182
31374
21653
11544
21088
20418
27490
17551
21901
18459
16225
30252
1159
1749
14523
24945
6771
20010
8296
31054
21652
22018
20848
28796
25631
28443
4677
21755
8787
25469
11615
8970
24075
500
20514
12396
20918
15236
29947
10051
927
13405
7535
2086
15154
22058
27032
21925
9300
2560
20211
30953
24578
8291
26981
17442
3967
31659
6429
12754
24360
18044
21724
15668
18544
9470
28064
6694
24706
25243
16746
25634
5880
24281
27720
21034
13572
21984
10191
22872
24545
30402
21057
16355
5926
15271
1029
9893
14162
7459
22647
5754
25503
11604
21422
11280
21074
16718
17974
13013
9194
1952
5879
15074
26234
831
3341
7038
22816
13532
29910
14593
11167
18200
30948
17093
703
31978
26986
14865
6669
16865
20619
32172
28469
9274
10684
16776
25992
28659
29789
2418
30611
2900
17493
24077
3731
20834
31115
26547
1598
28258
8372
12765
13690
6553
29858
14393
5763
24076
29258
12432
8174
17109
11836
3875
26383
22521
20651
19608
18412
17672
22026
16255
20572
6751
7565
24304
27585
5912
18083
29184
1402
26456
9181
15092
241
6272
29485
6004
30348
25975
18436
5754
10317
30272
9630
3932
20025
30281
23540
5669
15186
12799
21925
2990
19550
29490
27294
14368
2634
12610
10784
4037
6298
19965
19129
6539
26237
15847
12543
23818
9054
30979
29572
19371
28483
6434
23304
15741
3948
14076
21410
19134
26875
10567
22124
13658
7289
16651
28026
9924
29261
6042
13961
2791
26007
322
9330
19477
16169
21873
10527
25224
20084
7331
11827
15799
13766
2363
31540
17714
16440
20183
4080
10547
30750
26204
24205
5272
10087
19463
15196
6580
25505
29157
9371
18745
29479
18701
5454
12881
7806
15981
5337
27890
23312
17164
10922
4310
19528
9694
22024
3200
29877
26104
13747
27860
19541
5185
364
29628
24648
15560
3441
17386
11949
12812
3363
8660
31514
8817
21541
6552
24798
26878
1675
15342
11275
12597
19653
30803
22291
8909
1235
19401
2246
14982
14493
21787
20167
14857
18647
12048
30417
22088
29434
9598
2133
29
18258
879
8846
7032
7431
876
1142
9106
16218
12417
21703
3103
10452
11227
12013
11687
30628
14259
26670
12353
3278
14069
27210
21925
26117
24859
11246
22783
1689
13379
22812
19947
14258
31658
26979
21689
32534
28122
30796
15985
7771
19731
19088
18224
30958
31101
29911
28818
12592
23813
8403
15870
5115
2845
5028
31232
27704
16274
21248
29393
29653
11292
16573
11143
10183
10784
64
9949
6138
30860
25934
13910
17824
12255
32134
16014
10588
29277
12065
23181
20323
20468
6283
25438
23314
11311
23902
18250
27585
12382
14876
24470
23675
31449
2845
1090
9465
2910
11039
15604
1002
4206
29514
18826
16461
28880
2073
27049
25389
14138
17462
12944
1838
23746
5614
25152
2289
29517
10635
29875
9131
25511
21577
38
24192
24423
1128
889
27333
12168
16493
28335
16374
13239
14394
67
9351
16467
27116
1973
30605
11811
14917
32443
2789
20532
24828
5078
17281
2695
2185
26412
28206
23763
26451
19630
15418
27579
20519
9983
6979
4245
5550
23353
17484
19944
23420
26836
3643
17769
28809
1480
29580
10958
1156
32369
31490
25984
4679
16003
28679
6865
9648
24117
30628
3331
10979
13278
30910
31498
23261
5122
2975
28811
28475
20460
15988
19128
14528
19631
4129
10569
21112
941
21527
22268
542
20250
15484
5221
3485
11395
12086
13133
2744
9946
16464
13723
23224
14607
12453
13717
19729
15429
9761
15436
3121
25749
1796
17649
12612
5925
28218
956
6866
16977
23224
7408
4459
5940
12630
7945
17335
24716
21078
20079
1895
4775
1034
25119
19382
13488
6069
6343
28917
15830
21779
32038
8811
23576
16919
21423
29501
12369
22380
3600
29346
12836
11008
1038
18777
23638
8983
3344
15587
30061
23424
17482
2068
24458
9833
21450
5178
15902
27793
1327
31732
16805
597
7775
7613
17516
29199
4346
29885
18811
7946
26464
31647
18955
27502
17656
9825
3717
21001
25412
1010
11657
10126
3079
3347
19960
24529
8526
3094
19555
9853
2059
3592
10451
9834
11205
27967
6265
15551
25085
25076
23498
18781
23956
9685
13515
8844
19510
17232
29845
12155
18242
8734
22281
21321
12082
9473
13083
20608
12568
32638
30461
14627
3462
8144
24461
14667
3344
30727
30218
28429
23035
20948
14442
14223
30633
27957
23068
17376
12421
20145
29531
30663
28880
19044
19217
8194
28518
32300
28802
8318
32170
26495
22945
2864
1872
14638
17531
5216
12597
14981
877
2865
3162
15319
17088
1027
10508
7388
18403
22929
27534
15166
20824
23646
1443
7273
31840
29961
6805
27874
5511
6207
21601
28456
9071
23473
10326
26602
28689
22924
8816
29566
25789
11978
12117
10109
13005
22625
17498
31409
12786
12264
13807
843
3142
15250
8116
2214
12443
14922
30088
17954
21129
18921
13642
30201
9627
23969
24035
5548
14125
83
2347
7146
12061
14464
17255
25067
4322
1985
23708
17108
14249
4747
17951
17391
19998
26068
19605
32441
8222
16925
17628
29351
3079
31270
26784
12706
22471
18052
18254
3828
18135
20601
10974
30197
2298
28230
22496
6620
30215
13436
23728
11697
18183
8912
29088
5413
2212
15926
5087
10434
83
22715
7017
3162
21217
1034
15868
10921
19086
1355
14749
4453
21956
25724
1882
24254
21186
24378
30874
18633
5046
21835
30330
23230
30747
26651
28643
191
9809
962
10625
9892
23677
17642
13055
12127
18676
28923
23048
4994
30278
5029
9448
19467
30753
11330
10953
19171
2941
9060
5037
7987
30895
2599
31217
28874
29250
27093
29065
6291
28055
6922
16184
18965
24564
29239
31092
10473
25394
21372
15467
22905
26401
24915
9604
24387
3478
20557
10790
6419
29617
15827
14406
27744
18427
12856
23850
14909
7181
20147
21201
2468
27069
4617
21433
18866
1088
19757
29339
26482
8361
12038
16619
1995
4186
26223
26382
7664
14013
4404
14083
10862
20232
28489
5839
5891
8577
29689
20800
15758
17069
9233
18227
11370
13850
6892
30236
14938
26650
26807
8653
2243
6078
25272
4238
10264
18728
30620
17928
32741
2257
32011
10835
22489
27732
16674
28380
3542
13596
16412
19300
30665
25646
4759
9267
6728
11652
6736
21667
5534
775
30320
7777
6853
22824
12016
17117
8784
9868
2277
8757
12125
1520
19593
1846
29253
3499
30226
27
17095
13871
19327
14992
6749
24087
24260
13477
2971
30996
2376
8505
31771
32696
16282
5857
22753
28298
22974
31537
5399
25252
7527
17524
26772
27120
19371
23257
30619
16829
23284
14947
30700
9844
29939
4681
1163
21431
18159
4134
19659
20535
12639
18663
20464
28921
24520
10449
24452
14726
9218
29851
7210
16745
14607
1215
11097
1210
24472
8949
18040
14989
23896
15972
24833
21067
20654
25996
9731
6045
30130
29390
26580
10001
15285
14276
6154
7037
24725
30606
21764
1176
27689
28974
17921
9529
30189
29019
10739
21894
5200
28779
4115
29096
11984
28948
17395
32638
22176
27126
5915
19538
23749
32495
29539
6266
14004
2925
13304
5961
764
2300
7137
28453
31274
25059
5214
28696
21310
15954
17822
26510
11965
21937
22838
23949
18117
7465
23819
7525
1824
29734
27063
25573
29462
23834
31839
10698
26759
12375
16659
27523
14675
23797
23209
13182
16088
28423
9110
4630
11609
26932
31140
23575
16101
21210
14756
1450
28675
5808
8975
30499
2774
3270
23304
32236
27104
22376
10166
21095
1983
26826
15851
16659
17855
6292
29841
1175
1947
6183
5805
13557
347
4177
4364
16448
25387
19120
17898
21294
24928
26873
19026
27703
30143
9562
27171
24479
31938
4570
12806
1154
31396
28657
17813
16483
2181
14886
17658
4129
21069
23463
17686
21416
27640
22050
5096
20259
8402
22994
8785
563
17099
27811
28266
14474
4606
22669
6185
3776
27239
18991
4930
25867
14881
22743
9582
17062
4861
27240
21191
25930
17935
6109
14578
12807
28159
19674
298
3794
9900
9084
4357
26999
4127
32623
8705
8733
22524
14890
12510
16996
1114
17440
10095
15995
7416
19678
289
12277
14150
21481
5440
32086
27590
20018
12125
22982
6925
12424
26776
16825
21508
31133
11057
25635
30988
19762
1601
20744
1885
14111
4972
2999
31551
15068
18994
6199
1978
19283
18477
16128
7996
23917
15446
2819
11167
27572
25801
18092
7228
19809
2150
28736
18174
13207
21603
16394
201
23204
4370
2086
4547
9343
5085
3331
24411
24079
9530
26389
10595
28007
9749
18591
19156
25196
21410
30324
20000
14443
15648
27228
1484
17798
23196
19658
31005
12031
3284
31207
2468
7655
525
7015
16998
5611
10346
8641
29690
19877
2262
7517
15116
12011
26109
1505
4439
14751
31829
24439
29195
14709
18899
30679
32508
9327
17570
30745
21359
20854
29184
23827
28509
29710
30842
12739
2553
8421
21380
32243
28298
23642
6993
10646
2886
334
12151
7325
15085
11212
31765
11512
25922
17896
9424
25662
27224
26994
23639
15815
15080
20056
6874
10822
16998
4948
23561
19551
13369
12174
19026
8899
3048
26019
19546
5934
26353
31697
13260
8671
10142
12257
20183
3296
30153
29607
28958
24609
23833
19829
7656
6146
7117
14530
16968
24115
19479
7761
10898
80
19935
29925
8980
22984
23176
28526
28918
16762
27455
9410
25433
4829
21667
12848
8125
19053
9688
4315
10894
753
24145
18551
6899
31262
313
23867
22610
19792
31629
740
19873
18796
30665
28853
9012
21074
24611
5163
5068
19298
14573
30501
24128
3473
10581
32253
22526
20269
3801
652
21023
27946
19203
27922
26440
19517
19022
16282
6541
17883
17023
26414
3911
14920
22499
12924
3226
14342
18087
8294
873
32660
6027
25001
3365
16609
24486
25891
4110
28287
26544
25133
23465
12979
20288
17138
32496
6542
652
6270
24425
17675
32684
28336
32596
22416
8492
3054
3990
26579
11349
4863
26472
17376
29864
29837
1217
21583
22961
5328
17102
16737
30461
7800
29716
17981
24938
29445
24523
25590
2947
16180
10498
2863
11749
10326
25279
20241
13380
29270
14053
24729
1365
7757
9338
31230
4826
10555
20045
27787
15883
4379
11756
13577
12179
8705
31558
4349
5382
23314
29940
8329
6726
7670
11192
18475
17996
3704
5949
31376
206
20002
23338
1571
27759
32676
33
32585
10463
20078
27605
26347
24458
6593
7156
3869
15298
5946
8219
20680
29260
5391
29009
3219
13061
7434
21694
31057
11138
27643
29665
11344
14877
20235
12915
9868
20143
12949
9686
30607
