1053676521
1033986135
999084996
995758596
993237212
987330945
986556684
986037200
981485568
978894774
973641790
953126720
950458185
943217608
941587985
925278465
924867504
921279960
920192706
915653279
909886421
889886880
889702948
884857510
865176795
859628142
855528650
853371840
852515250
852451875
851774430
851131800
849323202
833903568
833138717
829853277
829326972
827553392
822799455
821038484
820880409
813895346
806546931
801361346
792316424
785954092
780353737
780311136
773199319
769199046
766337950
756547559
756460992
753242042
752759341
751903605
751796810
748689327
746920008
742896907
742796640
740317515
734637850
728856744
728473842
728353968
728325565
725906352
725767875
724564656
723247488
718961444
715553322
714801520
713620600
711425588
701980354
701940444
701085440
699138400
697545177
696148314
693440906
690536514
689831483
689714077
687203592
686903280
683929736
676064200
675954260
675906980
675704037
674983840
673438574
672540456
671611455
669183525
667374840
666429700
666359360
662175668
657119449
655000060
652879282
648350640
644094218
643929594
640137233
640013934
638760456
637514467
637229646
636894027
635599565
634139920
632482609
632410310
627716908
627073472
624976424
624247155
622754800
621982702
613975284
612919242
610930881
610716665
605321178
605117340
602619441
596608408
596528520
593454312
590548009
590545800
590441166
589291764
586638480
585436674
580081541
579715968
576165480
575896498
573143430
572573040
568935525
568175475
567135334
564473868
563916536
563054760
561239448
558670644
553492725
552177714
551926050
548556732
547378384
544526230
544299510
543950070
541264200
540795024
540351972
537314624
536770256
535758219
532434450
527761024
524499003
524067075
519092442
518301518
518279820
517646631
517532139
515156796
513409104
512552922
511794896
511073440
507556278
506317392
505371402
504608973
503832204
503155625
502776540
499694768
499113255
498294850
495836463
495165426
493456331
492967981
491064105
490522680
490354074
490268768
489690880
489234264
487966544
487395216
486766917
485480320
480384630
480207978
475870395
475250616
474681350
474118235
471613759
470055168
469575664
468383680
466848324
465682982
464928172
464774288
464067096
463523040
462269902
457944057
456829205
454814039
454259038
454222200
454028829
453353868
453289072
451241048
451066352
451047709
450107070
448473592
447608442
446616414
446038951
445939592
445701849
444023730
442999928
442734257
441660285
441654624
441366044
441118896
440729940
440676018
439054983
438981592
438837490
438082175
437019148
435110922
434342350
434300440
428654439
428278788
428130971
427541412
423442968
423414187
423195300
422966310
422897250
422493808
418467580
417777615
417733605
417485575
416101770
416086254
415280832
414208935
413478081
413063680
412822272
412234353
411004620
410016828
409212760
408842664
405261025
404570928
403511306
403084940
403058821
402906000
402568908
401846088
401095244
397868350
397118120
393945321
392033072
386923732
385505780
384930920
383754797
383130902
380579094
378427950
377951994
377795643
377476299
375890206
374850767
374693928
373917303
372007188
371212570
369750464
369716212
369347904
367922765
367655838
367577915
366345000
366090075
365580891
362155820
362054661
361410400
360206197
359908516
358837296
355748400
354500981
354106272
353233826
351813782
350987400
350590200
349739768
348802754
347213664
343321044
343304302
343069360
342743088
342112120
341317130
341258255
341160624
340724965
340540629
340274000
339093150
337393506
336605328
335175533
334771877
334707534
333878063
332006196
330656256
329495881
329372505
329217364
327584846
326679840
325971443
323655828
322297206
321143027
320548767
319409090
319365408
318977795
317442015
316607422
316109773
315777683
315454356
315085134
314231520
313770091
312318574
311548935
309354032
308924280
306152000
303515707
302666804
302360148
300466136
294813922
294730083
294550760
294433000
293971860
293752618
292790247
292713309
291958890
291868980
290669472
289896252
289397550
289157869
288049793
286886320
286391025
285893376
285777315
283569236
283336550
282856752
279947143
279166048
277413598
276368862
276252120
276145272
275687405
275373865
275345682
274665080
274473640
274452771
274055808
273160080
271339622
268781394
268524224
267938323
267653807
267025604
266947285
263389236
261353388
261099807
261044080
259819560
259015899
258112962
257836358
257671414
256729536
256642428
255871055
254714880
254365146
253679097
253447075
251514000
249915285
249780726
249443732
249391170
246734004
245038221
244963422
244887808
244100875
244025640
243411008
242399850
240243360
237095712
236234250
235711494
235560143
235504128
234454932
233541966
233442094
233350296
233310999
228507975
226085013
225993929
225870281
224878992
223885250
223258798
223090660
219923613
219443116
219389044
219304080
218854608
218844720
217735749
215246538
214478589
214414200
213641284
213168456
213079965
212851530
211658832
211650714
211007196
210953700
210846717
210722103
210571062
208327200
207719085
207451725
206593840
206266656
203213420
203145359
200924175
200036639
199990203
199787467
199603412
199113915
198274350
197141283
196877772
196152567
195274144
195200016
194877495
192167024
192090082
191760085
191517750
191088900
190712780
189870600
188297970
188040172
185687370
185539365
185464278
185027625
184930828
184524578
183454586
181656692
181543186
181044510
180111583
176414185
176294482
175519670
175423413
175148688
174476336
173974412
173693468
173207682
172843005
172510272
172063206
171216430
171186774
171156900
169564780
168705354
168679602
167619184
167182064
165231160
164573108
164362350
164352177
163815500
163557900
163488402
163219872
162563580
162447779
161305126
160944624
160631198
160531382
160514111
159576262
157258672
156800944
156038781
154099770
154038768
152568090
152176868
152003104
151594497
150655589
150373540
150354273
149296499
149217840
149196915
148815600
148758285
148039518
148016361
147120237
146573280
144425178
143331650
143250520
143119620
141492921
140823383
140128740
138826215
137885924
137198144
136795984
135596822
135330355
134596000
134121207
133929762
133289253
132774824
132569962
132229790
130713163
129829280
129440176
128906820
128305998
127876224
127153287
127132500
126735475
126625309
126262829
125951488
125221248
124806853
124032714
123648532
123539463
123341358
123271680
123223320
122599407
122092992
121095848
121086651
120596400
120444905
119351904
119313300
118839840
118167910
118165992
117145600
116628976
116229640
115629760
115500900
114928160
114773220
114554880
113606850
113196069
113153292
112800594
111598190
111267312
110541728
110498206
110165196
110064825
109863047
109725490
109458888
107759624
105524328
105348915
105213960
104077072
103456048
103440266
103054977
103032537
102974117
102242728
102187608
101802888
101156286
101150034
101110932
101062962
100972270
100634050
100560264
100457176
100192221
99703890
99641296
99331161
99325618
98781795
98685405
98192848
97150648
96822455
94480560
94477880
94160535
93622660
93222832
92060080
91920918
91910070
91814025
91386054
90938414
90766225
90566996
90083570
89024980
88755951
88386560
88033777
87055878
86214300
85951008
85490902
85396182
85257205
84511638
84057740
83543957
83504392
83218330
83042610
82824702
82381728
81828125
81205072
80467849
79564870
77879403
77745986
77339196
77237732
77022778
75663640
75561768
75133212
74626384
74219664
73457866
73386248
73124330
73054616
72904617
72760806
72361640
72083536
71898365
71800404
71108175
70021540
69389739
67634724
66750775
66591816
66519936
66391500
65732810
65518370
65214432
65158676
64611450
64002808
63767040
63516005
63282318
62729156
62611200
62191752
62188752
61824728
60567892
60518392
60489306
59749125
59691408
59225076
59082640
58961655
58308055
58239324
58000866
57163968
56762200
56262947
56215031
55940616
55296426
54902796
54450456
53857284
53691924
53524800
53425260
52864786
52005432
51627149
51555000
51277083
50683498
50344956
50147994
50116620
50004162
49257802
49219861
49065471
48667878
48327200
48040080
47654526
47289046
46526253
46492824
46346150
46017699
45997236
45987480
45582560
45086804
44731712
44527032
44288901
44043575
43889910
43804292
43604442
43372754
42707342
42536940
42518272
42226176
41827443
41649300
40821900
40635795
40492800
40026090
39760666
38972696
38542167
38370016
38173842
37724310
36932976
36743650
36561200
36369335
36033920
35734230
35630640
35610320
35399658
35360768
34925913
34017046
33998570
33719320
33605124
32879088
32808072
32727277
32676295
32613735
32481224
32478082
32377136
32063940
31598235
31425526
31153920
31129163
31127395
31059015
30276896
30054150
29302208
28316421
28085368
27778794
27454665
27135744
27000369
26770508
26189340
25708743
25145244
25127120
25052580
24926804
24609363
23088526
23042300
22887360
22798328
22662472
22620135
21782831
21775719
21505960
21425145
21231340
21059804
21025910
20197122
19992014
19666856
19561631
18944171
18935972
18899832
18792705
18610704
18497647
17980046
17844834
17695568
17286654
17276306
17236183
17042688
16704072
16442982
15926185
15156216
14849835
14578369
14172084
13582500
13401066
13136750
12776931
12657547
12638104
12411256
12357360
12219534
12079000
12041317
10549686
10485636
10327287
8968158
8858884
8806644
8735868
8494968
8488326
8452416
7908256
7728424
7645960
7489672
6672958
6506094
6101547
5715864
5404628
5063983
4919328
4793425
4788828
4660248
4376460
4342500
4269520
4184115
4173222
4011764
3625601
3251745
3177354
3006259
2617860
2435175
2258019
2197645
1966198
1899639
1667415
1557920
1397088
1384243
1339224
1112924
1108225
1051791
984174
899805
508560
340346
326480
23244
