18760
8883
12743
13279
1393
19909
151
14878
18360
11881
28848
21920
31895
16078
31832
6677
27810
8257
4450
24838
22596
27892
16638
25535
16388
30320
22262
21479
28182
31877
5006
20728
1562
10602
464
8750
5892
14274
17499
22916
919
21202
2853
15869
23185
651
4995
5811
4
7687
6403
14877
20324
27285
3365
12025
5551
13991
8336
1545
27532
18005
5481
19001
3866
8412
554
12132
2065
8695
3012
31685
31120
31301
26617
6011
18277
26226
24356
14575
27298
20596
8447
1442
24549
16202
11389
31407
31412
17392
22541
29106
5617
6210
18482
28549
3872
7882
30480
21461
