23244
326480
340346
508560
899805
984174
1051791
1108225
1112924
1339224
1384243
1397088
1557920
1667415
1899639
1966198
2197645
2258019
2435175
2617860
3006259
3177354
3251745
3625601
4011764
4173222
4184115
4269520
4342500
4376460
4660248
4788828
4793425
4919328
5063983
5404628
5715864
6101547
6506094
6672958
7489672
7645960
7728424
7908256
8452416
8488326
8494968
8735868
8806644
8858884
8968158
10327287
10485636
10549686
12041317
12079000
12219534
12357360
12411256
12638104
12657547
12776931
13136750
13401066
13582500
14172084
14578369
14849835
15156216
15926185
16442982
16704072
17042688
17236183
17276306
17286654
17695568
17844834
17980046
18497647
18610704
18792705
18899832
18935972
18944171
19561631
19666856
19992014
20197122
21025910
21059804
21231340
21425145
21505960
21775719
21782831
22620135
22662472
22798328
22887360
23042300
23088526
24609363
24926804
25052580
25127120
25145244
25708743
26189340
26770508
27000369
27135744
27454665
27778794
28085368
28316421
29302208
30054150
30276896
31059015
31127395
31129163
31153920
31425526
31598235
32063940
32377136
32478082
32481224
32613735
32676295
32727277
32808072
32879088
33605124
33719320
33998570
34017046
34925913
35360768
35399658
35610320
35630640
35734230
36033920
36369335
36561200
36743650
36932976
37724310
38173842
38370016
38542167
38972696
39760666
40026090
40492800
40635795
40821900
41649300
41827443
42226176
42518272
42536940
42707342
43372754
43604442
43804292
43889910
44043575
44288901
44527032
44731712
45086804
45582560
45987480
45997236
46017699
46346150
46492824
46526253
47289046
47654526
48040080
48327200
48667878
49065471
49219861
49257802
50004162
50116620
50147994
50344956
50683498
51277083
51555000
51627149
52005432
52864786
53425260
53524800
53691924
53857284
54450456
54902796
55296426
55940616
56215031
56262947
56762200
57163968
58000866
58239324
58308055
58961655
59082640
59225076
59691408
59749125
60489306
60518392
60567892
61824728
62188752
62191752
62611200
62729156
63282318
63516005
63767040
64002808
64611450
65158676
65214432
65518370
65732810
66391500
66519936
66591816
66750775
67634724
69389739
70021540
71108175
71800404
71898365
72083536
72361640
72760806
72904617
73054616
73124330
73386248
73457866
74219664
74626384
75133212
75561768
75663640
77022778
77237732
77339196
77745986
77879403
79564870
80467849
81205072
81828125
82381728
82824702
83042610
83218330
83504392
83543957
84057740
84511638
85257205
85396182
85490902
85951008
86214300
87055878
88033777
88386560
88755951
89024980
90083570
90566996
90766225
90938414
91386054
91814025
91910070
91920918
92060080
93222832
93622660
94160535
94477880
94480560
96822455
97150648
98192848
98685405
98781795
99325618
99331161
99641296
99703890
100192221
100457176
100560264
100634050
100972270
101062962
101110932
101150034
101156286
101802888
102187608
102242728
102974117
103032537
103054977
103440266
103456048
104077072
105213960
105348915
105524328
107759624
109458888
109725490
109863047
110064825
110165196
110498206
110541728
111267312
111598190
112800594
113153292
113196069
113606850
114554880
114773220
114928160
115500900
115629760
116229640
116628976
117145600
118165992
118167910
118839840
119313300
119351904
120444905
120596400
121086651
121095848
122092992
122599407
123223320
123271680
123341358
123539463
123648532
124032714
124806853
125221248
125951488
126262829
126625309
126735475
127132500
127153287
127876224
128305998
128906820
129440176
129829280
130713163
132229790
132569962
132774824
133289253
133929762
134121207
134596000
135330355
135596822
136795984
137198144
137885924
138826215
140128740
140823383
141492921
143119620
143250520
143331650
144425178
146573280
147120237
148016361
148039518
148758285
148815600
149196915
149217840
149296499
150354273
150373540
150655589
151594497
152003104
152176868
152568090
154038768
154099770
156038781
156800944
157258672
159576262
160514111
160531382
160631198
160944624
161305126
162447779
162563580
163219872
163488402
163557900
163815500
164352177
164362350
164573108
165231160
167182064
167619184
168679602
168705354
169564780
171156900
171186774
171216430
172063206
172510272
172843005
173207682
173693468
173974412
174476336
175148688
175423413
175519670
176294482
176414185
180111583
181044510
181543186
181656692
183454586
184524578
184930828
185027625
185464278
185539365
185687370
188040172
188297970
189870600
190712780
191088900
191517750
191760085
192090082
192167024
194877495
195200016
195274144
196152567
196877772
197141283
198274350
199113915
199603412
199787467
199990203
200036639
200924175
203145359
203213420
206266656
206593840
207451725
207719085
208327200
210571062
210722103
210846717
210953700
211007196
211650714
211658832
212851530
213079965
213168456
213641284
214414200
214478589
215246538
217735749
218844720
218854608
219304080
219389044
219443116
219923613
223090660
223258798
223885250
224878992
225870281
225993929
226085013
228507975
233310999
233350296
233442094
233541966
234454932
235504128
235560143
235711494
236234250
237095712
240243360
242399850
243411008
244025640
244100875
244887808
244963422
245038221
246734004
249391170
249443732
249780726
249915285
251514000
253447075
253679097
254365146
254714880
255871055
256642428
256729536
257671414
257836358
258112962
259015899
259819560
261044080
261099807
261353388
263389236
266947285
267025604
267653807
267938323
268524224
268781394
271339622
273160080
274055808
274452771
274473640
274665080
275345682
275373865
275687405
276145272
276252120
276368862
277413598
279166048
279947143
282856752
283336550
283569236
285777315
285893376
286391025
286886320
288049793
289157869
289397550
289896252
290669472
291868980
291958890
292713309
292790247
293752618
293971860
294433000
294550760
294730083
294813922
300466136
302360148
302666804
303515707
306152000
308924280
309354032
311548935
312318574
313770091
314231520
315085134
315454356
315777683
316109773
316607422
317442015
318977795
319365408
319409090
320548767
321143027
322297206
323655828
325971443
326679840
327584846
329217364
329372505
329495881
330656256
332006196
333878063
334707534
334771877
335175533
336605328
337393506
339093150
340274000
340540629
340724965
341160624
341258255
341317130
342112120
342743088
343069360
343304302
343321044
347213664
348802754
349739768
350590200
350987400
351813782
353233826
354106272
354500981
355748400
358837296
359908516
360206197
361410400
362054661
362155820
365580891
366090075
366345000
367577915
367655838
367922765
369347904
369716212
369750464
371212570
372007188
373917303
374693928
374850767
375890206
377476299
377795643
377951994
378427950
380579094
383130902
383754797
384930920
385505780
386923732
392033072
393945321
397118120
397868350
401095244
401846088
402568908
402906000
403058821
403084940
403511306
404570928
405261025
408842664
409212760
410016828
411004620
412234353
412822272
413063680
413478081
414208935
415280832
416086254
416101770
417485575
417733605
417777615
418467580
422493808
422897250
422966310
423195300
423414187
423442968
427541412
428130971
428278788
428654439
434300440
434342350
435110922
437019148
438082175
438837490
438981592
439054983
440676018
440729940
441118896
441366044
441654624
441660285
442734257
442999928
444023730
445701849
445939592
446038951
446616414
447608442
448473592
450107070
451047709
451066352
451241048
453289072
453353868
454028829
454222200
454259038
454814039
456829205
457944057
462269902
463523040
464067096
464774288
464928172
465682982
466848324
468383680
469575664
470055168
471613759
474118235
474681350
475250616
475870395
480207978
480384630
485480320
486766917
487395216
487966544
489234264
489690880
490268768
490354074
490522680
491064105
492967981
493456331
495165426
495836463
498294850
499113255
499694768
502776540
503155625
503832204
504608973
505371402
506317392
507556278
511073440
511794896
512552922
513409104
515156796
517532139
517646631
518279820
518301518
519092442
524067075
524499003
527761024
532434450
535758219
536770256
537314624
540351972
540795024
541264200
543950070
544299510
544526230
547378384
548556732
551926050
552177714
553492725
558670644
561239448
563054760
563916536
564473868
567135334
568175475
568935525
572573040
573143430
575896498
576165480
579715968
580081541
585436674
586638480
589291764
590441166
590545800
590548009
593454312
596528520
596608408
602619441
605117340
605321178
610716665
610930881
612919242
613975284
621982702
622754800
624247155
624976424
627073472
627716908
632410310
632482609
634139920
635599565
636894027
637229646
637514467
638760456
640013934
640137233
643929594
644094218
648350640
652879282
655000060
657119449
662175668
666359360
666429700
667374840
669183525
671611455
672540456
673438574
674983840
675704037
675906980
675954260
676064200
683929736
686903280
687203592
689714077
689831483
690536514
693440906
696148314
697545177
699138400
701085440
701940444
701980354
711425588
713620600
714801520
715553322
718961444
723247488
724564656
725767875
725906352
728325565
728353968
728473842
728856744
734637850
740317515
742796640
742896907
746920008
748689327
751796810
751903605
752759341
753242042
756460992
756547559
766337950
769199046
773199319
780311136
780353737
785954092
792316424
801361346
806546931
813895346
820880409
821038484
822799455
827553392
829326972
829853277
833138717
833903568
849323202
851131800
851774430
852451875
852515250
853371840
855528650
859628142
865176795
884857510
889702948
889886880
909886421
915653279
920192706
921279960
924867504
925278465
941587985
943217608
950458185
953126720
973641790
978894774
981485568
986037200
986556684
987330945
993237212
995758596
999084996
1033986135
1053676521
