22 22
0000000000000000000000
1010101010101010101010
0101010101010101010100
0000000000000000000010
0101010101010101010100
0010101010101010100010
0100000000000000010100
0010101010101010100010
0100010101010100010100
0010100001000010100010
0100010100010100010100
0010100010100010100010
0100010100001000010100
0010100010101010100010
0100010101010101010100
0010100000000000000010
0100010101010101010100
0010101010101010101010
0100000000000000000000
0010101010101010101010
0101010101010101010101
0000000000000000000000
