2
3
4
5
6
7
8
9
10
11
12
13
14
15
16
17
18
19
20
21
22
23
24
25
26
27
28
29
30
31
32
33
34
35
36
37
38
39
40
41
42
43
44
45
46
47
48
49
50
51
52
53
54
55
56
57
58
59
60
61
62
63
64
65
66
67
68
69
70
71
72
73
74
75
76
77
78
79
80
81
82
83
84
85
86
87
88
89
90
91
92
93
94
95
96
97
98
99
100
101
102
103
104
105
106
107
108
109
110
111
112
113
114
115
116
117
118
119
120
121
122
123
124
125
126
127
128
129
130
131
132
133
134
135
136
137
138
139
140
141
142
143
144
145
146
147
148
149
150
151
152
153
154
155
156
157
158
159
160
161
162
163
164
165
166
167
168
169
170
171
172
173
174
175
176
177
178
179
180
181
182
183
184
185
186
187
188
189
190
191
192
193
194
195
196
197
198
199
200
201
202
203
204
205
206
207
208
209
210
211
212
213
214
215
216
217
218
219
220
221
222
223
224
225
226
227
228
229
230
231
232
233
234
235
236
237
238
239
240
241
242
243
244
245
246
247
248
249
250
251
252
253
254
255
256
257
258
259
260
261
262
263
264
265
266
267
268
269
270
271
272
273
274
275
276
277
278
279
280
281
282
283
284
285
286
287
288
289
290
291
292
293
294
295
296
297
298
299
300
301
302
303
304
305
306
307
308
309
310
311
312
313
314
315
316
317
318
319
320
321
322
323
324
325
326
327
328
329
330
331
332
333
334
335
336
337
338
339
340
341
342
343
344
345
346
347
348
349
350
351
352
353
354
355
356
357
358
359
360
361
362
363
364
365
366
367
368
369
370
371
372
373
374
375
376
377
378
379
380
381
382
383
384
385
386
387
388
389
390
391
392
393
394
395
396
397
398
399
400
401
402
403
404
405
406
407
408
409
410
411
412
413
414
415
416
417
418
419
420
421
422
423
424
425
426
427
428
429
430
431
432
433
434
435
436
437
438
439
440
441
442
443
444
445
446
447
448
449
450
451
452
453
454
455
456
457
458
459
460
461
462
463
464
465
466
467
468
469
470
471
472
473
474
475
476
477
478
479
480
481
482
483
484
485
486
487
488
489
490
491
492
493
494
495
496
497
498
499
500
501
502
503
504
505
506
507
508
509
510
511
512
513
514
515
516
517
518
519
520
521
522
523
524
525
526
527
528
529
530
531
532
533
534
535
536
537
538
539
540
541
542
543
544
545
546
547
548
549
550
551
552
553
554
555
556
557
558
559
560
561
562
563
564
565
566
567
568
569
570
571
572
573
574
575
576
577
578
579
580
581
582
583
584
585
586
587
588
589
590
591
592
593
594
595
596
597
598
599
600
601
602
603
604
605
606
607
608
609
610
611
612
613
614
615
616
617
618
619
620
621
622
623
624
625
626
627
628
629
630
631
632
633
634
635
636
637
638
639
640
641
642
643
644
645
646
647
648
649
650
651
652
653
654
655
656
657
658
659
660
661
662
663
664
665
666
667
668
669
670
671
672
673
674
675
676
677
678
679
680
681
682
683
684
685
686
687
688
689
690
691
692
693
694
695
696
697
698
699
700
701
702
703
704
705
706
707
708
709
710
711
712
713
714
715
716
717
718
719
720
721
722
723
724
725
726
727
728
729
730
731
732
733
734
735
736
737
738
739
740
741
742
743
744
745
746
747
748
749
750
751
752
753
754
755
756
757
758
759
760
761
762
763
764
765
766
767
768
769
770
771
772
773
774
775
776
777
778
779
780
781
782
783
784
785
786
787
788
789
790
791
792
793
794
795
796
797
798
799
800
801
802
803
804
805
806
807
808
809
810
811
812
813
814
815
816
817
818
819
820
821
822
823
824
825
826
827
828
829
830
831
832
833
834
835
836
837
838
839
840
841
842
843
844
845
846
847
848
849
850
851
852
853
854
855
856
857
858
859
860
861
862
863
864
865
866
867
868
869
870
871
872
873
874
875
876
877
878
879
880
881
882
883
884
885
886
887
888
889
890
891
892
893
894
895
896
897
898
899
900
901
902
903
904
905
906
907
908
909
910
911
912
913
914
915
916
917
918
919
920
921
922
923
924
925
926
927
928
929
930
931
932
933
934
935
936
937
938
939
940
941
942
943
944
945
946
947
948
949
950
951
952
953
954
955
956
957
958
959
960
961
962
963
964
965
966
967
968
969
970
971
972
973
974
975
976
977
978
979
980
981
982
983
984
985
986
987
988
989
990
991
992
993
994
995
996
997
998
999
24978275
24978305
25006872
25000743
25034656
25032275
25046737
25048597
25071170
25088730
25096809
25100426
25117809
25129260
25130963
25119592
25149674
25150189
25153013
25180211
25190398
25196028
25196395
25207693
25233800
25219188
25243924
25250832
25268181
25272548
25300228
25282937
25319426
25300078
25339534
25338918
25338028
25353535
25358541
25381147
25370701
25386599
25392330
25422209
25427339
25444489
25447211
25469441
25479668
25475268
25501786
25492562
25501156
25523260
25540131
25530098
25534360
25550417
25558665
25579956
25591899
25593959
25607933
25631161
25624723
25624973
25638803
25658808
25682138
25691320
25702055
25700793
25694010
25711196
25737750
25726644
25765325
25756352
25762194
25775765
25788024
25792911
25801783
25817180
25846851
25840133
25837932
25857337
25865610
25892773
25877819
25896755
25898047
25928226
25939414
25956324
25946848
25974184
25958209
25991814
25986502
26007343
26018890
26014221
26029223
26052638
26067863
26077270
26060696
26100941
26106066
26116686
26115823
26128334
26120724
26136238
26169531
26163325
26191818
26191444
26184006
26207355
26218333
26226292
26225214
26239673
26261440
26260678
26291164
26290641
26298925
26301290
26318295
26325846
26336157
26357773
26374282
26364417
26374683
26397542
26399612
26425286
26410498
26447582
26439322
26449325
26467227
26465109
26483943
26484661
26501020
26510565
26530700
26548238
26550896
26553045
26582833
26582737
26603362
26611624
26624587
26615185
26615499
26628302
26650200
26658023
26677797
26679851
26702802
26711617
26724308
26724800
26746117
26737860
26741553
26768528
26765201
26781057
26808495
26817908
26824206
26816555
26834186
26845914
26847134
26876508
26885770
26899950
26899843
26905208
26910656
26926394
26949745
26953468
26954686
26967515
26995171
26980766
26992422
27028930
27019263
27028591
27030252
27057338
27053433
27078173
27074073
27109056
27107935
27116847
27133585
27130899
27162460
27170516
27178438
27193497
27183160
27205558
27210027
27210655
27229311
27246241
27246410
27260302
27271832
27292406
27288193
27290260
27311569
27328393
27331360
27358359
27373536
27352111
27375157
27383574
27405246
27420116
27411748
27423555
27447149
27443503
27452792
27484578
27490126
27484146
27489052
27513137
27537684
27525671
27552485
27541265
27560026
27591446
27580735
27584548
27619014
27617456
27619454
27653481
27643070
27647999
27658677
27679358
27689376
27709638
27724348
27709689
27738124
27753035
27746629
27759831
27791360
27792602
27797275
27799289
27834075
27816948
27853223
27855967
27865325
27872451
27880141
27880454
27910242
27901647
27932807
27921791
27937012
27943203
27959149
27962473
27999411
28006845
28010649
28018462
28036941
28047805
28056463
28048555
28077822
28079381
28107879
28094277
28110355
28120072
28121220
28145010
28173680
28175836
28180537
28184890
28194518
28223727
28211749
28230925
28248908
28249539
28255364
28264703
28290271
28296477
28293205
28331814
28344838
28324764
28337192
28361751
28377224
28372680
28390316
28386962
28417360
28427142
28437373
28434116
28459510
28473403
28478568
28478742
28493162
28523829
28507693
28533028
28534696
28552689
28576652
28569729
28586078
28608978
28612659
28601033
28623487
28650867
28652389
28648342
28657881
28684326
28703628
28716802
28707149
28728511
28723615
28737238
28759327
28755375
28768239
28785889
28812848
28812773
28830155
28847471
28842198
28858885
28870254
28874642
28868711
28892294
28897235
28911521
28921746
28926617
28946082
28958345
28959148
28969891
29005917
29008744
29030059
29009469
29038732
29030972
29053820
29078373
29079883
29075494
29092211
29107347
29114276
29131818
29155479
29163878
29174496
29165950
29185664
29181990
29214772
29231468
29218579
29239991
29251710
29248619
29279324
29268904
29298315
29308641
29310814
29333267
29340642
29338260
29370949
29379071
29375495
29396732
29404647
29402541
29415192
29427239
29457914
29459960
29465404
29469095
29493473
29495449
29508650
29524845
29548321
29542800
29559406
29557078
29575774
29599314
29602799
29619723
29618532
29642258
29658675
29644910
29670902
29690419
29682940
29693200
29702888
29717228
29742516
29740956
29760579
29746614
29762913
29782219
29797785
29819258
29805276
29842040
29825916
29856356
29872713
29859535
29874091
29885811
29890264
29915338
29912301
29938171
29961292
29952630
29970240
29995100
29977566
30000443
30015050
30035835
30024840
30058682
30066223
30070263
30078331
30096374
30107477
30107224
30124932
30140788
30135104
30170716
30161494
30192904
30194595
30214075
30223924
30213690
30228772
30257835
30261206
30257158
30287159
30295875
30304900
30325657
30324860
30317980
30355090
30366120
30376798
30386863
30381670
30413412
30416880
30423341
30430566
30436173
30448675
30473315
30492368
30481312
30493258
30517805
30524320
30517916
30534061
30569618
30552682
30572369
30572240
30594433
30618258
30625202
30646629
30645718
30639005
30663742
30671871
30683862
30686289
30713570
30725723
30722944
30731513
30738800
30774137
30779106
30795253
30796830
30815481
30808841
30834979
30826818
30841919
30876104
30879534
30873894
30886914
30898013
30933738
30930275
30939992
30938303
30969410
30969743
30999294
31005051
30994856
31005017
31030560
31055987
31049199
31056437
31070185
31081869
31107646
31119955
31120125
31115243
31152197
31140497
31157868
31165616
31195086
31189951
31218826
31214972
31244908
31249622
31263599
31272630
31283060
31295023
31303312
31298769
31305126
31337860
31328973
31358447
31349953
31370784
31389886
31409308
31411709
31428302
31430763
31437486
31453535
31477055
31489278
31490042
31489180
31516066
31512872
31536393
31537768
31563078
31556712
31569443
31600075
31595945
31616857
31626766
31635403
31649729
31660688
31683274
31691211
31702078
31718565
31711348
31732629
31751802
31735972
31753367
31774024
31783212
31786620
31791522
31812207
31838352
31836767
31842754
31873375
31873426
31881544
31900714
31919091
31910549
31923197
31942204
31962892
31960566
31960916
31970346
32012485
31997814
32029669
32034288
32037178
32060763
32077315
32062749
32075787
32109160
32105275
32125961
32141369
32155866
32169757
32174650
32171889
32188264
32191280
32198998
32231022
32250519
32254408
32258115
32279721
32276326
32305144
32310643
32303797
32313127
32328775
32337678
32375538
32370527
32369876
32394496
32417454
32430930
32422433
32438737
32441159
32448634
32462285
32485568
32502204
32513265
32525200
32529944
32553434
32545816
32549923
32580214
32587241
32601220
32616304
32620609
32632004
32629958
32655773
32662809
32663058
32687220
32705141
32698186
32722481
32739731
32733028
32768764
32780810
32769367
32788125
32815820
32818074
32822630
32852373
32862878
32858273
32882779
32894180
32907060
32910594
32920590
32936733
32929900
32958395
32960333
32969351
33000361
32995389
33019360
33029192
33035937
33038514
33072868
33068178
33074464
33081425
33107850
33105159
33135209
33141786
33150937
33158582
33159784
33182824
33206802
33197925
33229209
33243885
33229970
33265195
33272667
33269586
33294293
33308060
33316117
33319574
33342948
33333992
33366420
33379292
33369735
33377349
33408264
33414314
33423513
33450086
33454522
33451927
33464049
33491963
33495150
33493064
33505304
33521583
33543683
33539962
33567471
33561480
33598605
33602077
33599443
33609858
33646775
33648524
33652975
33684132
33668264
33685038
33692102
33725824
33739476
33737230
33737416
33772549
33770151
33775214
33794513
33807823
33821751
33832164
33852788
33846481
33871064
33885546
33900840
33898107
33899665
33941329
33946751
33965427
33949173
33977411
33991872
34008687
34018651
34034190
34045800
34057278
34039190
34058788
34093490
34093649
34108097
34101259
34134419
34132433
34143325
34166830
34183718
34192273
34183017
34192249
34221411
34227621
34224975
34260146
34252325
34260781
34299356
34303438
34308351
34319697
34331220
34358769
34349400
34377963
34370818
34388542
34403957
34420027
34417676
34431605
34455582
34475864
34464232
34482167
34490620
34502556
34523413
34545799
34546301
34568378
34585943
34596639
34600491
34593943
34631944
34632110
34635126
34660772
34664172
34679568
34698508
34714844
34706088
34728568
34726532
34738015
34748539
34759510
34791372
34784643
34815139
34829071
34837267
34852258
34862571
34859179
34882920
34896801
34887638
34918109
34907738
34943448
34944161
34945470
34976586
34966959
35004820
35019090
35026449
35022361
35030978
35050425
35057184
35084209
35103503
35088989
35111807
35128343
35134600
35141662
35171072
35188375
35193961
35200980
35214808
35227819
35226873
35238418
35251426
35255278
35291831
35302737
35303401
35303324
35336284
35331150
35363881
35373114
35375362
35385098
35388929
35393827
35437449
35444881
35449929
35457637
35456267
35490756
35489109
35492033
35513830
35540915
35542673
35543887
35563894
35569659
35599847
35590462
35626247
35634062
35633122
35657115
35645616
35677475
35680810
35688333
35706711
35724575
35728757
35752937
35770183
35766179
35791181
35793975
35809520
35806639
35824129
35854757
35849851
35851034
35876303
35898074
35899291
35914272
35916322
35922882
35958400
35973901
35985539
35999454
35998138
35994502
36035670
36044463
36042326
36058378
36073158
36091333
36081990
36095899
36125171
36120160
36127031
36147515
36159675
36170197
36186261
36209022
36212144
36209828
36225255
36233402
36267230
36270395
36282924
36301832
36313567
36333087
36332208
36342871
36363068
36362603
36386447
36393125
36402827
36404908
36414544
36442103
36449168
36468089
36480531
36498881
36502939
36508535
36512073
36523143
36551341
36566781
36581177
36589999
36609229
36611651
36638111
36635774
36639220
36672832
36655847
36674291
36691207
36691333
36731014
36738253
36744601
36746116
36765651
36769219
36799484
36812287
36816276
36821779
36853990
36859702
36865992
36867119
36876531
36886324
36914801
36924640
36935813
36959451
36956142
36958527
36989250
37014180
37005533
37038632
37049521
37040654
37059284
37072889
37098582
37087356
37113430
37120058
37148988
37159557
37159745
37168634
37191868
37200271
37210737
37225749
37234295
37253013
37242725
37264642
37291698
37304395
37314892
37321158
37324277
37323836
37347797
37374748
37363688
37375571
37393905
37424947
37439235
37449921
37449142
37461374
37479889
37495431
37509041
37518580
37531385
37540378
37552744
37567449
37569220
37588503
37600002
37608410
37609562
37620517
37644670
37668192
37657852
37686215
37702480
37695974
37724712
37731998
37744759
37765845
37753290
37774023
37808264
37805467
37812962
37827031
37835835
37848113
37869436
37893545
37877093
37894911
37927345
37921899
37932708
37966570
37961087
37972943
37998373
37997144
38012115
38035501
38036703
38052350
38053631
38074338
38086923
38090719
38117186
38135013
38130466
38148963
38166236
38190992
38195104
38201644
38227970
38229106
38234391
38255296
38270209
38280557
38275709
38289513
38328078
38315807
38351196
38361070
38371353
38375439
38398043
38391355
38404704
38424253
38419984
38453937
38469807
38488677
38473779
38487778
38517543
38523411
38544477
38563263
38554589
38582653
38573005
38595475
38619179
38628471
38640946
38646562
38665060
38679466
38681521
38683663
38725589
38733979
38718156
38735186
38771361
38786687
38776071
38784175
38803414
38833536
38837905
38831554
38842983
38869854
38873456
38901071
38923451
38908600
38925137
38948136
38959737
38962302
38998684
38981592
39017436
39020303
39030876
39038122
39052142
39085908
39075064
39094647
39106254
39129740
39128192
39157738
39160518
39160841
39191297
39205356
39213976
39229075
39223698
39253931
39259036
39266866
39276967
39303042
39300983
39309435
39343147
39347783
39370886
39363906
39389691
39381079
39414265
39414923
39429580
39443987
39475336
39473371
39495957
39503198
39524045
39531622
39521638
39552312
39556182
39574613
39597520
39594414
39598672
39611882
39637702
39663127
39662892
39685749
39676488
39687194
39700604
39739087
39726330
39755604
39750719
39763891
39777173
39795524
39825690
39815351
39837270
39853664
39878473
39886534
39874418
39915267
39912941
39935313
39943652
39945519
39956365
39967359
39995365
40000079
40013260
40015971
40045879
40066716
40062219
40062237
40083218
40114419
40131920
40121616
40134802
40151777
40170392
40187754
40187970
40195014
40222481
40239185
40250668
40257613
40263794
40268805
40279610
40313474
40315094
40341091
40334389
40344677
40375409
40388216
40403765
40417651
40415089
40438260
40446931
40473148
40464231
40494140
40508662
40498606
40534421
40545732
40545678
40572996
40570714
40601102
40593073
40626002
40626971
40638774
40648416
40662907
40685109
40677610
40686781
40711530
40721696
40736883
40746971
40767779
40780612
40783832
40805334
40815306
40813924
40848658
40847285
40875740
40887122
40892699
40898854
40922134
40926171
40934683
40946513
40959496
40987875
41007922
41002968
41022544
41022991
41045975
41047191
41064346
41074191
41098028
41118744
41120217
41133881
41154984
41175961
41184081
41191429
41194380
41208353
41240445
41228506
41238333
41255909
41278296
41302980
41289387
41314239
41312804
41344561
41344266
41370188
41386050
41401939
41417969
41405705
41418298
41443673
41461826
41474486
41485771
41503042
41503065
41510900
41518211
41561192
41550808
41564749
41592621
41607508
41604289
41609087
41626273
41660734
41674070
41688872
41699677
41705115
41715009
41713155
41748224
41767450
41760572
41776051
41785285
41799934
41807855
41837283
41859202
41860290
41867387
41894545
41882106
41896295
41937880
41936710
41959812
41951083
41976818
41979014
41987587
42005572
42013699
42044777
42062453
42056502
42086493
42083933
42108098
42100551
42138601
42127649
42146452
42171881
42175719
42186299
42216426
42232883
42237552
42232653
42246894
42262850
42295049
42290332
42315209
42324359
42330323
42360900
42359739
42373888
42380288
42391496
42402900
42437678
42426700
42451938
42465561
42473316
42497067
42498107
42524156
42542780
42535718
42544440
42577558
42574763
42608933
42625983
42629921
42640167
42654075
42679336
42685759
42704311
42689683
42699835
42735508
42734686
42762839
42760207
42788272
42778781
42821081
42816785
42838571
42863058
42857584
42861062
42883669
42915578
42896284
42916807
42949281
42945545
42968533
42974143
42983457
43004961
43007782
43028855
43038445
43043906
43055756
43072642
43108806
43095694
43132795
43150827
43156579
43172765
43179177
43174385
43189111
43228453
43226691
43246649
43265781
43266907
43264198
43276826
43309040
43312705
43323582
43330105
43350202
43370206
43382974
43394577
43396487
43417935
43436418
43455129
43477916
43489740
43497727
43514647
43508955
43540296
43538032
43551254
43554305
43590479
43608761
43622371
43629901
43645569
43660129
43668675
43665798
43676278
43689736
43724348
43727504
43728724
43747072
43776655
43768697
43784668
43796446
43808001
43827463
43857844
43845174
43859261
43896779
43909216
43903062
43917211
43949919
43968199
43971561
43993338
44006793
44006502
44011894
44048414
44054307
44065675
44072812
44095959
44096577
44114427
44131864
44130147
44153172
44162637
44195568
44192709
44211895
44217265
44238679
44249994
44267925
44278828
44296817
44310643
44303126
44315852
44355470
44363698
44378264
44371889
44384237
44414536
44435526
44421059
44444450
44444797
44467999
44485127
44509375
44499468
44537109
44543213
44555606
44550867
44581117
44580213
44602631
44631848
44636144
44639605
44651757
44658560
44688888
44704120
44703729
44736134
44733381
44743235
44751663
44771489
44807635
44797285
44813668
44846546
44831428
44867373
44882101
44881318
44915508
44905590
44927544
44935788
44940349
44954557
44988400
44991496
45008967
45004981
45034891
45036941
45066957
45062964
45085225
45105913
45125086
45135604
45132493
45139848
45161407
45195136
45182564
45202937
45209262
45243976
45253023
45274565
45281375
45283404
45317323
45332235
45319932
45345731
45354701
45356027
45394795
45402940
45422670
45408889
45434899
45453562
45449525
45487174
45505524
45498565
45513265
45517300
45555205
45546675
45566326
45586102
45587174
45625406
45624394
45652271
45642582
45674347
45670949
45686348
45708750
45732078
45740452
45756846
45775050
45761081
45776810
45788450
45811826
45843409
45845330
45864320
45862404
45868074
45912154
45918833
45911248
45930803
45951794
45964031
45976650
46006280
45992437
46035558
46030276
46057845
46063816
46072634
46079695
46096045
46117034
46121809
46135854
46153640
46184595
46174445
46187180
46218695
46224215
46243733
46248879
46262452
46270149
46301474
46305635
46316633
46328817
46344265
46363149
46361816
46377489
46391676
46414657
46420497
46437963
46452611
46482855
46490442
46482907
46517486
46530000
46550915
46544873
46572262
46575295
46581522
46601263
46630892
46619039
46659594
46668592
46670618
46692136
46699756
46720610
46736166
46743235
46756287
46778810
46795845
46791883
46825929
46826779
46835059
46835715
46860540
46888087
46900799
46902898
46931095
46937544
46939484
46975008
46963407
46980187
46991440
47020696
47040418
47044030
47062110
47066465
47089353
47097110
47103975
47124829
47134430
47158804
47179222
47170721
47193332
47209619
47220355
47222312
47235824
47261886
47284995
47306371
47313769
47329061
47327115
47356233
47370869
47366304
47396171
47404851
47412286
47429980
47451478
47462743
47473326
47480234
47484181
47496134
47511198
47528559
47549638
47554603
47579572
47600239
47600878
47611173
47628585
47662929
47666179
47688528
47678529
47715483
47733427
47739352
47756656
47747960
47785631
47796958
47812509
47823856
47843866
47856149
47869672
47880491
47891102
47887338
47916307
47931175
47938316
47938208
47954173
47984396
47995198
48014922
48006623
48044173
48037197
48065031
48071941
48077363
48099584
48117480
48132887
48143287
48149333
48176097
48173822
48201726
48200878
48215377
48260132
48251944
48258913
48285709
48295162
48328103
48332701
48326833
48359334
48365677
48398274
48405535
48427592
48412960
48425027
48447048
48468709
48473971
48481051
48503738
48511209
48547021
48557018
48570885
48594782
48599667
48608860
48609694
48640077
48643230
48655748
48668962
48679022
48689854
48723316
48731554
48744884
48753651
48765686
48786495
48817060
48826698
48835150
48855231
48850951
48868036
48873521
48895716
48916995
48923728
48953832
48942670
48985227
48991356
49013717
48995827
49029576
49048418
49063635
49064941
49092229
49093662
49099923
49110210
49125077
49137095
49166698
49187758
49206079
49206840
49228734
49222153
49264738
49252030
49284074
49296281
49311629
49332416
49350176
49354489
49371125
49370962
49404691
49417112
49432979
49418320
49448820
49444865
49467173
49482000
49492562
49508414
49527373
49558365
49558856
49587443
49578201
49605366
49616060
49625141
49647366
49662068
49679825
49701934
49699246
49707868
49714638
49754929
49760537
49771203
49794390
49802878
49813335
49821614
49854908
49839524
49864176
49893943
49911089
49898896
49922084
49948602
49945797
49972152
49976994
50008480
49997326
50041457
50030407
50046833
50056586
50073537
50092152
50119205
50125321
50152299
50137815
50163423
50165807
50184483
50218203
50235695
50228205
50266677
50279722
50277067
50308260
50301991
50312172
50334557
50353632
50369699
50389043
50393467
50419962
50423226
50449819
50456635
50477078
50479588
50501755
50503341
50509571
50536148
50556628
50550570
50593750
50585885
50593353
50616340
50621554
50639208
50677663
50685262
50702181
50699434
50706244
50741455
50763471
50772729
50788849
50799065
50791223
50811580
50843179
50863494
50876124
50893100
50904208
50909460
50915661
50931802
50950840
50958694
50983220
51000381
51006758
51021849
51045734
51034043
51070706
51063886
51076636
51107029
51114208
51135170
51135168
51148774
51176292
51184717
51204941
51206382
51224515
51244572
51250180
51270659
51299586
51307355
51319715
51338531
51337152
51348453
51363521
51380733
51405504
51410038
51423562
51460022
51454687
51463006
51503010
51516327
51519319
51529503
51551945
51555886
51562867
51601886
51619339
51622931
51648524
51655455
51649070
51691053
51688198
51717435
51724513
51739284
51748354
51767253
51784329
51798735
51809687
51812835
51833642
51836750
51880041
51885142
51904337
51916826
51934213
51932025
51943666
51957091
51990898
51999336
51996194
52036007
52041573
52065735
52074217
52081241
52085468
52108665
52122265
52155029
52151139
52176598
52198636
52204048
52217308
52227153
52254078
52263624
52257841
52285874
52303082
52317674
52340900
52343812
52369161
52356858
52385417
52394104
52407990
52418376
52457275
52446370
52466252
52482819
52496169
52523114
52543057
52557510
52552900
52588926
52585743
52591169
52617227
52645107
52635692
52657849
52686230
52705923
52709168
52709548
52750245
52755631
52764959
52788948
52799430
52814774
52832126
52847265
52856669
52872482
52864947
52879123
52923955
52919068
52927946
52954797
52952118
52985584
52987044
53021210
53014291
53028563
53059937
53057910
53094530
53084760
53102025
53133714
53139705
53163868
53162845
53172485
53202561
53228233
53228978
53258995
53272488
53279410
53301215
53314559
53307796
53326285
53354028
53374765
53363940
53402184
53403382
53426834
53448606
53435153
53461600
53468437
53495429
53512656
53517191
53538541
53559552
53561630
53586378
53598688
53623257
53613223
53629825
53662102
53655168
53693794
53709358
53709549
53718242
53733306
53741164
53784900
53781379
53805903
53811602
53830322
53831086
53871792
53884509
53873012
53899135
53923650
53940872
53935280
53961958
53964336
53985137
53991424
54031724
54037312
54045861
54074213
54088207
54079060
54113866
54128244
54148069
54158310
54159943
54166862
54190491
54211263
54230284
54234118
54245090
54260131
54294380
54309449
54306319
54335347
54359610
54356417
54389693
54397286
54389631
54431004
54433780
54443439
54474250
54487484
54494504
54500381
54515479
54552884
54546287
54567976
54589295
54587134
54613874
54620846
54655814
54647833
54656650
54693953
54705975
54705889
54736765
54756625
54769849
54757388
54800636
54809943
54814287
54820377
54859599
54857886
54862980
54875480
54904664
54924143
54940775
54954077
54967348
54970344
55006125
55003129
55027652
55045398
55062643
55084717
55094063
55091034
55101785
55131156
55153682
55148877
55177627
55183951
55215086
55232924
55249103
55257510
55250605
55271474
55306022
55322451
55322479
55324676
55350710
55370100
55389785
55395276
55399062
55425580
55429210
55442284
55463335
55480376
55497198
55508709
55540552
55547465
55552650
55578305
55588759
55602454
55621661
55646920
55643567
55658908
55665564
55693460
55711719
55729603
55752264
55761604
55760768
55768602
55812717
55806404
55813213
55829534
55866356
55868926
55883947
55887742
55931615
55927437
55951895
55971859
55966864
55986840
56010614
56026315
56028711
56037927
56061359
56095924
56114596
56103467
56138538
56139696
56146701
56164302
56172411
56187644
56208366
56222639
56236202
56261231
56285293
56286052
56297685
56327631
56322979
56365911
56366361
56369268
56406814
56422279
56427890
56434200
56453132
56490035
56484693
56518556
56506550
56534103
56564312
56568709
56571657
56591325
56620989
56638893
56624849
56667743
56654669
56687476
56703789
56711266
56741515
56744701
56771628
56789428
56797599
56813466
56823247
56827769
56856527
56871785
56869975
56906708
56909255
56913944
56929841
56958056
56986417
56999686
57006588
57009956
57017571
57036893
57056117
57084883
57090961
57117157
57134958
57143958
57145754
57181385
57187533
57191372
57204969
57226432
57246328
57254245
57259787
57290346
57311202
57310264
57343829
57353206
57364858
57392792
57386070
57410963
57414808
57450430
57468320
57473069
57471280
57488672
57504025
57540079
57559850
57547544
57560409
57607492
57594122
57628313
57626254
57657936
57654924
57687785
57698653
57704327
57742274
57753044
57766456
57776298
57801303
57798744
57832141
57830693
57839658
57860604
57894872
57891284
57896245
57924288
57930186
57950360
57978585
57987162
58002830
58016240
58032326
58035941
58074502
58086070
58077999
58096455
58133429
58144907
58165938
58168529
58187687
58201960
58202367
58225096
58245181
58272598
58282938
58286265
58304732
58324322
58346247
58359245
58376171
58382910
58390458
58424081
58419370
58431222
58457385
58478706
58486797
58501305
58530510
58549907
58564034
58568496
58576674
58600720
58627214
58644296
58633423
58671590
58689384
58679394
58692757
58731083
58732042
58753892
58758123
58772066
58782658
58800876
58816212
58842673
58865544
58868250
58889278
58893326
58930450
58922502
58939205
58963746
58991914
58980480
59013390
59013757
59047284
59052871
59079876
59095744
59106380
59107493
59146183
59152088
59153309
59175240
59204894
59203521
59236950
59245400
59255040
59274195
59287460
59307371
59332431
59318943
59351940
59366623
59366909
59398666
59410266
59426048
59447284
59444262
59471540
59482583
59510141
59521694
59538866
59546978
59562487
59580066
59584066
59617100
59632859
59650389
59672274
59689175
59695243
59716328
59721624
59751202
59766864
59782093
59792839
59799702
59805013
59829260
59852610
59871953
59875255
59875520
59910683
59929760
59931420
59939614
59968147
59993741
60003248
60018287
60033723
60041286
60067615
60075917
60080236
60111257
60111683
60123618
60163830
60162571
60191467
60216959
60232254
60246806
60231968
60270339
60281042
60286955
60318707
60311715
60342634
60341011
60379750
60372510
60407721
60413348
60432463
60447133
60465492
60478668
60485973
60521912
60511665
60558613
60564209
60569411
60580694
60616295
60619907
60635323
60653529
60661473
60669655
60688719
60722064
60745144
60732342
60777237
60771296
60786662
60794513
60810072
60838823
60843664
60867808
60874900
60903913
60918246
60947125
60947697
60974862
60982318
60981183
61008797
61011862
61045623
61063269
61070690
61086190
61091147
61105487
61148575
61137910
61153723
61183986
61213818
61221101
61237001
61252463
61261370
61274299
61280188
61298361
61329926
61344160
61368053
61357081
61383171
61397606
61416590
61440516
61451832
61476937
61491511
61507488
61517382
61517358
61552409
61569927
61564034
61579834
61602099
61605936
61642153
61656671
61669680
61671817
61705298
61728288
61732940
61739993
61757413
61784355
61780988
61819227
61826472
61856626
61860240
61877173
61878466
61909175
61935080
61932933
61943693
61976079
61996138
61996156
62002146
62032964
62045709
62066741
62071717
62092413
62115407
62125572
62124857
62154089
62178914
62187841
62200705
62211284
62246329
62267831
62279914
62281175
62284949
62304153
62337215
62336069
62345830
62376138
62377919
62422921
62430037
62453690
62451083
62467396
62477716
62507303
62516812
62528096
62536293
62576325
62589730
62603595
62609192
62626146
62660963
62647684
62673685
62697343
62697893
62713162
62752074
62773400
62765930
62803103
62803047
62815165
62834898
62851506
62877977
62899404
62914246
62929661
62923832
62964165
62948382
62967282
62979522
63018602
63029295
63050178
63073588
63091206
63102713
63096758
63112789
63125161
63164107
63184294
63192271
63199842
63218111
63228567
63239290
63265326
63285227
63286056
63320032
63319159
63341458
63362555
63380941
63406322
63423752
63427531
63427601
63458026
63479934
63487574
63506548
63519262
63536105
63538968
63579060
63577579
63591052
63603346
63632797
63661954
63677427
63696094
63698761
63727693
63721171
63737046
63774238
63770309
63787789
63810033
63809150
63855621
63867307
63886433
63871679
63897539
63921459
63936597
63966306
63973462
63977697
63997203
64029149
64030187
64052691
64050100
64067315
64096711
64113435
64127333
64149231
64174948
64165207
64194670
64196458
64236841
64229442
64256206
64278357
64284046
64317705
64322430
64326134
64362926
64355020
64380098
64385446
64425742
64419412
64458026
64452314
64487528
64488713
64513628
64535965
64555675
64554904
64578475
64585894
64621746
64617485
64651190
64649852
64685109
64697177
64720689
64715593
64729461
64745567
64776834
64788848
64800735
64833433
64838209
64843578
64860865
64892404
64901894
64931134
64938621
64938245
64974024
64989820
64980944
65023261
65040109
65039208
65068747
65089856
65077891
65107200
65119647
65147312
65149260
65175185
65199234
65210802
65209099
65236970
65260853
65267623
65289557
65310058
65330843
65338041
65345708
65358307
65372016
65399122
65409922
65418506
65457307
65463219
65490678
65511037
65528350
65524394
65532012
65563049
65576571
65587818
65606392
65629075
65638124
65660541
65689109
65677254
65710831
65728728
65746481
65748494
65784381
65802392
65816663
65836550
65850249
65843036
65874145
65898760
65917147
65917592
65945667
65959847
65967769
65984353
65996879
65999113
66029253
66058861
66049038
66078867
66093718
66106078
66122168
66147184
66153599
66181592
66184405
66210117
66241332
66239858
66266376
66275986
66276273
66299199
66322283
66352174
66354477
66381722
66377825
66401124
66407344
66427762
66459293
66472959
66503790
66492201
66513222
66549008
66564090
66563629
66582019
66588053
66626579
66631381
66640053
66676033
66696853
66703584
66719390
66727351
66736433
66771432
66793074
66795081
66815855
66842037
66851226
66855449
66882784
66910674
66918121
66921468
66937625
66975360
66983070
66994180
67024300
67036620
67053713
67054155
67089264
67092712
67097319
67111042
67156760
67173551
67190670
67188623
67209135
67214690
67227723
67254629
67282114
67292862
67292704
67325021
67353267
67343779
67368594
67399783
67405962
67409126
67439174
67463271
67456689
67485533
67494585
67520679
67539985
67536447
67583854
67589519
67596745
67632314
67643778
67657154
67666781
67687665
67687540
67707664
67746791
67744682
67771886
67770719
67799798
67807928
67838067
67838872
67857293
67867678
67891921
67923109
67944393
67953613
67955565
67992851
68006428
68004746
68013640
68049235
68076045
68083896
68080827
68104110
68133023
68155145
68166645
68174895
68197056
68198062
68225887
68234090
68270441
68285227
68301818
68324418
68334043
68346011
68347948
68370507
68389395
68424353
68419102
68455806
68461654
68486216
68502933
68515396
68517364
68532243
68557103
68565604
68584370
68595126
68625412
68636291
68660169
68679364
68683605
68693550
68712310
68727862
68753100
68777916
68775098
68819385
68829149
68854456
68849785
68884690
68881661
68919315
68936604
68956177
68970869
68961115
69000414
69015984
69034433
69047642
69059713
69056824
69103065
69090318
69135883
69143454
69159327
69176214
69177762
69209359
69232882
69249689
69269570
69281382
69301439
69311695
69327676
69349870
69365918
69380654
69386934
69412391
69412714
69442099
69463336
69475448
69474897
69519687
69514452
69542938
69552974
69556812
69595619
69606438
69616550
69627751
69655022
69685805
69693044
69700375
69721303
69741610
69747006
69782663
69789636
69806912
69814978
69838643
69850535
69868679
69873724
69904645
69934567
69950190
69944291
69964068
69987149
69999945
70014048
70029348
70068175
70089052
70088031
70096043
70133515
70128031
70150923
70165877
70187968
70203902
70212626
70226714
70263341
70265672
70277667
70301201
70316219
70351900
70372011
70363217
70391553
70424110
70428870
70426678
70459697
70467345
70485859
70496133
70521369
70528418
70545309
70562782
70599510
70609509
70639931
70630153
70646649
70686968
70683243
70725657
70729484
70729235
70769780
70791423
70780850
70828162
70826103
70837792
70877737
70870800
70895982
70907658
70917760
70950920
70974542
70989227
71006261
71020737
71034183
71059764
71060479
71094394
71083229
71110561
71120526
71153910
71160144
71189761
71216418
71208118
71238570
71243009
71278798
71288807
71286266
71309378
71323972
71359656
71356692
71378407
71387000
71427823
71438649
71455355
71477323
71495135
71511285
71522047
71530698
71563238
71581025
71604868
71602990
71608323
71641043
71665870
71677414
71696846
71699770
71732824
71739593
71751399
71775149
71802132
71793468
71842202
71830387
71867755
71876165
71906598
71918032
71937517
71945424
71959374
71967039
72006381
72002249
72025519
72031820
72056401
72066243
72096132
72109583
72131129
72139333
72159060
72181236
72207446
72203106
72236466
72262636
72280178
72278049
72290736
72328764
72340120
72358518
72359247
72374931
72398438
72409870
72437470
72453952
72462578
72477697
72496572
72507203
72539679
72549410
72560829
72594775
72624132
72614490
72637683
72659071
72688374
72690811
72710032
72734830
72756586
72773545
72789879
72811530
72825645
72843256
72831913
72848900
72873346
72900920
72913525
72943389
72949538
72965388
72991945
72994500
73011563
73026002
73059481
73069843
73091821
73092722
73113296
73146871
73149987
73163460
73177587
73215991
73234704
73249312
73257355
73279810
73285617
73296414
73333721
73355652
73343859
73383009
73390485
73405937
73420442
73460021
73474431
73493794
73489674
73518526
73516417
73550603
73578963
73567780
73586038
73631881
73622378
73656078
73678617
73673238
73716528
73727573
73747658
73747581
73765271
73784689
73814210
73818487
73837376
73856057
73889935
73899199
73914811
73938014
73938357
73969676
73967470
73987540
74012960
74014235
74037212
74079742
74097640
74095403
74109610
74132667
74166202
74165609
74171165
74196769
74230633
74225346
74244247
74273017
74273997
74315255
74322107
74352183
74341532
74377699
74402637
74413625
74422700
74447446
74446142
74478696
74503205
74496204
74541904
74538547
74558685
74595770
74594024
74615925
74626217
74650712
74672143
74675654
74696063
74716521
74746674
74767891
74777601
74784462
74810061
74822782
74838634
74845326
74879392
74903486
74921840
74932753
74935971
74973108
74970502
74980492
75010271
75036366
75046919
75054216
75088951
75088623
75101673
75125333
75139985
75185162
75180682
75218552
75218788
75223136
75266844
75270284
75297918
75312627
75327556
75339361
75365460
75364077
75391562
75425553
75423685
75452250
75480264
75490139
75488289
75507372
75530785
75561693
75559949
75592822
75604830
75618081
75624011
75658596
75670780
75687131
75693572
75732329
75734976
75772095
75794180
75788803
75800015
75839672
75859682
75879824
75883566
75885160
75912730
75945639
75964521
75977822
75981883
76016010
76014450
76038779
76061230
76062878
76100060
76097770
76132165
76146241
76158551
76180026
76188009
76228695
76229396
76260036
76260040
76286824
76288065
76325200
76337377
76341606
76385920
76377614
76407854
76407889
76436828
76450074
76470154
76479968
76509022
76542753
76546077
76560119
76594670
76613545
76631365
76624708
76652174
76664428
76677768
76709869
76734505
76732838
76756992
76774704
76793479
76820832
76819499
76835874
76846360
76874372
76885805
76916330
76923758
76958271
76952063
76972494
76996958
77032498
77038325
77049487
77061730
77084246
77092787
77118415
77129471
77151511
77187771
77199674
77209411
77243608
77249235
77258523
77288553
77315771
77322231
77348576
77360627
77359032
77393840
77391330
77411200
77450522
77465940
77465183
77479276
77495469
77521687
77531430
77561186
77583940
77592915
77629142
77649762
77651285
77666842
77698879
77714902
77736755
77741724
77765094
77768529
77782129
77808371
77840278
77835779
77848759
77872463
77908860
77930698
77926966
77968658
77976505
78004181
78011585
78023525
78029379
78055664
78070118
78087950
78120274
78124307
78147620
78151232
78196837
78189968
78209544
78227961
78256756
78255856
78280072
78322273
78319358
78356172
78353639
78365028
78394894
78425778
78437639
78460389
78463505
78482759
78516068
78534607
78537391
78539263
78559524
78591481
78598108
78615221
78658386
78659656
78666286
78689602
78720485
78730980
78747491
78779121
78783166
78805516
78808619
78825324
78856578
78866708
78882172
78893130
78924774
78954973
78964519
78963850
78998911
79018241
79021513
79050422
79063834
79082222
79104104
79133260
79153443
79162201
79189258
79180378
79200035
79220267
79261345
79280584
79285514
79284723
79317252
79345238
79353356
79386341
79393724
79422366
79439474
79434624
79448949
79486959
79503843
79525588
79533967
79537346
79574119
79569743
79607745
79626168
79627213
79644849
79680922
79681124
79714054
79731691
79754501
79754254
79772383
79807911
79814044
79834964
79864435
79867416
79879848
79903938
79937829
79942077
79945926
79994483
80011995
80011879
80038957
80046818
80055695
80088833
80109187
80132877
80126065
80156742
80177665
80189031
80212601
80214811
80254610
80256458
80267800
80311341
80313088
80336619
80367321
80360520
80380983
80412592
80422190
80430794
80452545
80478577
80483664
80532588
80536823
80550594
80566005
80593778
80609407
80620766
80632367
80650932
80689995
80686809
80729375
80743977
80762361
80778093
80779393
80805098
80806574
80846192
80859679
80874163
80895406
80904152
80943055
80955258
80981605
80992444
80994162
81027994
81031353
81053975
81066553
81101028
81097595
81120594
81157804
81155523
81196498
81200219
81219581
81231744
81259248
81268701
81305661
81308894
81331820
81333928
81375399
81374291
81402043
81421318
81423631
81443785
81485676
81498654
81514203
81523880
81555839
81557631
81566660
81581068
81619697
81644864
81658578
81684010
81671596
81721448
81707302
81734860
81747349
81788517
81788917
81805598
81821494
81843376
81871605
81892935
81906388
81935131
81929507
81945740
81990627
82002979
82028815
82020351
82058623
82051039
82072283
82112310
82113756
82151536
82172220
82170485
82210237
82214070
82244692
82250941
82259150
82270767
82303219
82337264
82326958
82347868
82367675
82404870
82414772
82418111
82460927
82475133
82481872
82512582
82534553
82532298
82554372
82574798
82606804
82599142
82645278
82642508
82657270
82685010
82693084
82716945
82738170
82767608
82771564
82779637
82798799
82823291
82863660
82853331
82887109
82889132
82915940
82941737
82953700
82985721
83008601
83008770
83030161
83040901
83063869
83100116
83102779
83122188
83148700
83170932
83185726
83181660
83217900
83218617
83263248
83276855
83297201
83298141
83309907
83347528
83360119
83382547
83381036
83407612
83418791
83457245
83479339
83487056
83501663
83508729
83546173
83567963
83576697
83597089
83611435
83639952
83662065
83660109
83687770
83699484
83732348
83738741
83754657
83771848
83806830
83812857
83846371
83849530
83881759
83888046
83898403
83916744
83947475
83972481
83976004
83995881
84017317
84043437
84067119
84074698
84092357
84119769
84124304
84152442
84171678
84187915
84202827
84213038
84235524
84253827
84272530
84301570
84308064
84329429
84339159
84380024
84383801
84391355
84431208
84427494
84451553
84487297
84486089
84498764
84528482
84558032
84574757
84600791
84596435
84628048
84639710
84649943
84671491
84703486
84706452
84721952
84768537
84785801
84783190
84822325
84828469
84834616
84877720
84870486
84895083
84920512
84920585
84946868
84975845
84995873
85013701
85041741
85045727
85062160
85087621
85106744
85118272
85138589
85157436
85186147
85208694
85227953
85224652
85262675
85266138
85301338
85297308
85323097
85350487
85347356
85379989
85408149
85414073
85419191
85464089
85462752
85483158
85510898
85525042
85539010
85569241
85597413
85594666
85608755
85643852
85673134
85675388
85709200
85707994
85720308
85740274
85774895
85781042
85809133
85839130
85829833
85877039
85875785
85896434
85929316
85928718
85969379
85964361
86000129
86008232
86027077
86050568
86059195
86072980
86103787
86130686
86130323
86142796
86171635
86207368
86216220
86227357
86244359
86270222
86297790
86307131
86339574
86327624
86349271
86387956
86384714
86432050
86432758
86440556
86485827
86494431
86515075
86540598
86555293
86568229
86588612
86604938
86624439
86625164
86653471
86693235
86698553
86702744
86720860
86739487
86785766
86795837
86802194
86836827
86839119
86863945
86871953
86897335
86930017
86929209
86973635
86990473
87009479
87006869
87046221
87052533
87073199
87081302
87118161
87130102
87150071
87165017
87189582
87216212
87207031
87227983
87253187
87260942
87301617
87313843
87336165
87342531
87376207
87383114
87401763
87420584
87459296
87467227
87490118
87483600
87525972
87544792
87559413
87576894
87605355
87606392
87622441
87649473
87671550
87690782
87703877
87735284
87735765
87772142
87776175
87807785
87807141
87831059
87866330
87861709
87895428
87923751
87927485
87959097
87960850
87992015
88013289
88039029
88033465
88064862
88084764
88110851
88103801
88139780
88147083
88173672
88178122
88217955
88225090
88235703
88257767
88297687
88307363
88336064
88356075
88371108
88387501
88385229
88407064
88433401
88452928
88482194
88479981
88513756
88547990
88551420
88557104
88577884
88607705
88627022
88653978
88651705
88687954
88708211
88712774
88741114
88772419
88780496
88796555
88816901
88834333
88852925
88882818
88879892
88911548
88927450
88949786
88978611
88979917
88992453
89017179
89056421
89070117
89080068
89109553
89127227
89145811
89158720
89165133
89184887
89200061
89235397
89242778
89281065
89271177
89317813
89328839
89335345
89375076
89377524
89394602
89408776
89444915
89471577
89473727
89499774
89508499
89541639
89563739
89561336
89599722
89610954
89640858
89629358
89660501
89692683
89700890
89733712
89733347
89745699
89768138
89801570
89824256
89843174
89858171
89865956
89907814
89925295
89919706
89963659
89960922
89986295
90017069
90034346
90057911
90049931
90087204
90108714
90118984
90149677
90157277
90163992
90193985
90224640
90226058
90258788
90268066
90280176
90321952
90322241
90346981
90352394
90385482
90413808
90414228
90445995
90462536
90475571
90487316
90507419
90547712
90556650
90579323
90588421
90616323
90625974
90653485
90670461
90682132
90696132
90730268
90751197
90774462
90787210
90801178
90810969
90842471
90866634
90873740
90902881
90910442
90925770
90950173
90979814
90989055
91009007
91020311
91063811
91082283
91082527
91113426
91117128
91156575
91158306
91181341
91219239
91222630
91239932
91259336
91269480
91303762
91335494
91332397
91362913
91379192
91411445
91414337
91421265
91450010
91469576
91491624
91515260
91526088
91553611
91573480
91589867
91608505
91609729
91655585
91680087
91691959
91695248
91729291
91753930
91762831
91771719
91813595
91826514
91850886
91858378
91873707
91881088
91914061
91916305
91956690
91974157
91980900
92017742
92043777
92048929
92082523
92073927
92097647
92140649
92149022
92151402
92179908
92187621
92218876
92233866
92243326
92293775
92285972
92310430
92339113
92364738
92367271
92402231
92407591
92443290
92455417
92485671
92494744
92504119
92540166
92561778
92551733
92573427
92597905
92616650
92654386
92676038
92685191
92707919
92708089
92728899
92769012
92769258
92806347
92829416
92846617
92854039
92885765
92885115
92909434
92922405
92966287
92981280
92995617
93014186
93027901
93051790
93070175
93072187
93110092
93136064
93139781
93174548
93183550
93195521
93224047
93257565
93262275
93285818
93288197
93312848
93333349
93360565
93381001
93397568
93399463
93418805
93458076
93457615
93479636
93497574
93527809
93538559
93567126
93583566
93606280
93632774
93636672
93654141
93684141
93706643
93719929
93751249
93767072
93783917
93791414
93834207
93829541
93861246
93884447
93901245
93902610
93937465
93946584
93969334
93985490
94006775
94033202
94054949
94080779
94084766
94107318
94131946
94137194
94162713
94199941
94198693
94215061
94237264
94260739
94297079
94306094
94313344
94348207
94370864
94384060
94407687
94431056
94443782
94454039
94486416
94505786
94506711
94527162
94545012
94564676
94587176
94602710
94629249
94655162
94680087
94682340
94711355
94726568
94754245
94774480
94783072
94814299
94847572
94836788
94860344
94884999
94925295
94919427
94937347
94971355
94975881
95017033
95033060
95032195
95056120
95074266
95095434
95117588
95148469
95160865
95179610
95203722
95206324
95235952
95253969
95286953
95284262
95320833
95330853
95353314
95366670
95409141
95421603
95449685
95459458
95476842
95480077
95518112
95539044
95561871
95583013
95605067
95597153
95636614
95654574
95674407
95700035
95716663
95719012
95760547
95763231
95777561
95821356
95816523
95846008
95851380
95873287
95895063
95936907
95954466
95967679
95977824
95988117
96033705
96056289
96052037
96081808
96118198
96133165
96156030
96153216
96194223
96193500
96230513
96252897
96257457
96280104
96291081
96320217
96326478
96346834
96369621
96410614
96421063
96441742
96454356
96459497
96509307
96520457
96532357
96567482
96576079
96606831
96621986
96638193
96663035
96663249
96698374
96726049
96733947
96741323
96785344
96783079
96822370
96821518
96852967
96858900
96903733
96905378
96927702
96933898
96963493
96980197
96994692
97041825
97053225
97063298
97095254
97097717
97132290
97155188
97155141
97174791
97189431
97233007
97231334
97274362
97284122
97288407
97336733
97342124
97349769
97380680
97396639
97420546
97444183
97465890
97465952
97504198
97523944
97523765
97545455
97571513
97590085
97620549
97626116
97668032
97692718
97689003
97727518
97720426
97763229
97761180
97791628
97814954
97849977
97850118
97885108
97904345
97918294
97922906
97965377
97975315
97997787
98023855
98046310
98043855
98086502
98105470
98115993
98133461
98155580
98162390
98206419
98215451
98235950
98246196
98261416
98278810
98312007
98318267
98350517
98356642
98404912
98413684
98444642
98440097
98462526
98492629
98524044
98514990
98558548
98581792
98574514
98612616
98631754
98644552
98683348
98695418
98716252
98729152
98754842
98773367
98776432
98819792
98835090
98833702
98850371
98881638
98902003
98916982
98932521
98963356
98971138
99015118
99017397
99047646
99059727
99077978
99090737
99125967
99149424
99164443
99182529
99189986
99216883
99241305
99279921
99289035
99308351
99338404
99347033
99363803
99378487
99415858
99434338
99451072
99469602
99488871
99492879
99525630
99529797
99555292
99595494
99599459
99634478
99630043
99661169
99699937
99687898
99730688
99758845
99766168
99798378
99805282
99814404
99836899
99868892
99894865
99887284
99910732
99943210
99974282
