1

750
12374 18997
13728 7033
2956 18591
897 17418
9366 26624
9294 1889
8719 28911
6127 8764
16411 14596
22882 24712
12305 28410
16486 7132
30298 11527
15850 15169
1505 9602
7626 13879
28600 21354
20912 31556
7178 21809
16206 16544
15665 25501
18433 24384
21644 24561
380 5288
6389 23262
30000 18694
18904 13718
25827 16435
25245 8909
31604 26750
18511 6462
7861 14343
27817 28773
13132 2227
17814 29338
18771 712
22071 4436
25096 10948
28997 25477
16236 2618
15971 13468
21313 2108
27186 14372
18543 19664
23281 17379
13646 9024
23841 21508
23368 18890
17513 3732
21117 2560
302 7120
3272 22374
11557 28368
554 7786
21077 16790
10405 4281
30258 31718
6389 24676
13322 24932
11572 3835
9543 25219
12859 616
13959 3459
19507 31472
7191 7856
1264 7494
14977 4536
29868 26534
137 30422
1552 21214
14444 11957
25495 11934
10907 31884
3842 24229
24048 15415
28064 823
7866 8156
1440 21825
11615 20947
20529 18807
28803 21794
26301 11012
26330 23401
4778 26467
21055 6331
14914 2731
18288 7641
14665 29196
6758 18507
20657 30806
1154 15954
31630 9020
24110 302
30845 2957
21249 18607
21764 17284
7633 15297
28297 1195
5930 307
27663 26985
6638 9809
29716 24927
17450 11613
21355 24208
30121 9244
22247 31275
25198 21109
7528 16540
21411 5605
19498 9892
24212 8494
27176 31845
23792 22705
273 29722
23013 27936
23940 29651
4977 20888
21810 22427
32502 10397
13868 29855
19642 3347
28362 12072
24456 3122
28613 13099
8728 15343
22991 172
23837 17399
32018 14861
7337 32291
11816 30350
27459 2988
27233 32436
23876 16276
22095 23610
26673 3195
20697 13547
6542 16292
25620 30998
19414 21465
11329 28142
4040 1552
28315 27877
18952 27565
9971 26289
27088 21787
23871 21779
24775 18336
21447 15883
1844 10774
6726 28518
13970 27423
9297 20512
10947 2149
18743 30362
23614 30072
25736 27654
31625 21283
22764 17809
16080 32735
11330 10400
21754 2433
32179 13761
20769 20858
29644 22614
31633 3602
18364 12835
31026 27661
579 9205
29811 19322
6799 20657
16627 32536
15544 15484
21051 5540
525 4364
5507 11855
14764 27261
14288 14176
8254 2289
2266 5130
24903 1131
8733 10499
13966 6991
5393 14546
16196 2436
1100 22996
23093 17727
22764 5869
443 11047
11409 968
15411 16916
12823 30176
11409 27111
11584 19663
29401 13850
24794 21536
14982 759
32036 28948
7750 4661
10726 23946
7097 11827
14174 30190
29554 4170
3292 29998
15218 14701
30966 30629
31618 11022
28037 10259
5365 6853
29923 1998
20704 21949
23535 2918
22708 22803
31866 30458
27464 9825
21636 1793
21652 3043
31983 18438
7213 2507
15668 22431
17209 13867
20293 16059
24889 15562
26318 30254
22416 23473
32253 10352
12654 23020
13270 2594
13055 12368
284 7751
22193 21921
9544 11077
24964 8759
29516 32177
11267 12416
21841 28476
26283 9366
11767 18404
24928 5317
15891 14576
28791 15376
24928 8677
5628 5430
11272 18683
17799 11556
26434 7224
709 3210
18302 25673
11969 15050
25083 23236
27466 14156
18944 20982
23522 30711
6618 15682
3261 22509
30259 32052
5117 22419
7961 10745
27850 19233
29428 12881
30790 23094
20105 31499
26304 5639
24405 5506
20689 16720
28742 15388
30876 14919
3602 21630
12862 10220
4544 16123
32730 2035
15407 5079
24455 23369
15825 19537
9834 12485
32418 7856
2812 19755
6588 29116
25395 30993
1854 13316
14945 30597
28704 13053
12748 32306
1915 25610
9759 6459
8966 9721
8495 24373
14800 182
14974 30625
19719 24809
10343 19369
32665 13155
6356 6485
9503 31751
4710 11358
12300 19655
9187 8236
32708 21935
7775 1855
14777 17534
8315 23743
27255 16810
15349 9287
16992 30323
7145 3943
22364 17488
23312 22262
30643 29668
28747 7378
28652 690
18736 8184
20345 27923
16420 20286
17090 24195
22141 31868
8961 30456
22843 3448
14498 5424
12736 31490
2980 19881
2665 25344
4601 25977
14838 2476
22878 10818
9854 18762
11508 28591
26946 31853
23746 10598
19371 8069
2026 8745
7169 10987
6433 30012
14436 20932
2669 27172
19654 5649
14285 22320
30993 18886
15529 13064
21362 5639
23882 31216
24401 2622
27039 18579
1707 18018
29178 21079
26087 31204
29824 488
9423 3489
30500 23859
24421 401
18263 11308
6050 32548
860 4276
18666 16389
17340 7260
22029 8454
5709 13662
11076 32748
32242 12783
17998 28652
1094 11317
27088 30918
11805 3743
1640 9538
27603 26061
9939 13098
4601 15990
12879 5461
20266 31545
21851 4838
6038 11112
13292 11747
24774 24368
11727 24248
4383 29726
20132 5478
8275 14452
3628 20081
18196 5268
29619 13031
31330 6790
26129 3163
22780 6240
8625 10278
5018 30476
15116 11056
8820 28408
22803 826
20008 1762
25075 24392
31488 12439
29870 6996
26892 730
27077 12320
5999 23928
25351 4561
30718 18712
7724 20731
24953 16349
31009 29971
14057 13358
8259 22877
8998 31062
23704 29007
56 16011
20631 31545
28450 17733
5773 22574
18463 82
2126 24462
24010 27477
29023 21960
13422 3980
9923 5607
20329 8165
2810 1619
21523 11069
24496 30521
9363 15432
26760 9419
31443 14623
8196 27126
32356 13969
16932 18052
14051 19059
9746 5293
13768 6002
27254 27190
9982 4409
29 30311
12574 2839
31930 1329
13908 23659
31851 23271
6323 25843
32691 4999
7699 8119
32125 7287
22089 16289
25339 3372
2580 2318
8666 16349
8320 3152
10771 18302
7561 10801
15845 20136
13640 15008
21465 27549
5899 20548
18052 12222
13624 17975
17221 21323
26095 16578
28610 15416
100 21182
18788 2680
23500 27454
19029 31820
30606 29801
17354 5400
7834 431
25536 21474
15439 14233
16255 21338
2014 1540
793 15638
19515 18014
4193 12842
1825 35
28258 1925
21217 14279
4605 11949
8965 23635
11001 6804
20668 28355
12204 28502
28787 4972
17208 11458
19205 696
29 21219
2236 822
4089 21751
18836 8282
1826 20661
8318 30084
22586 29535
11595 27192
8717 20561
18059 19718
27365 5959
15306 6801
1693 11325
11773 18901
22783 30978
19597 22812
19430 21833
23634 23519
10817 9703
31802 12643
30364 7352
9959 20183
4119 21555
14607 12836
9348 32666
32555 3945
5857 15093
10746 7550
26418 22519
26451 16433
20729 13281
6478 7391
2346 30112
30911 13163
7047 29945
25806 4644
4529 2998
24827 8648
24553 6666
21485 1133
6564 21272
5078 12421
3597 15824
19971 30015
5575 13654
13680 26304
26935 20158
928 29282
17503 31839
9677 24550
29016 2716
29194 777
5714 21253
9425 30267
27919 30910
31400 1715
19414 3710
14136 23011
19534 1339
20258 25109
14994 1171
18645 9161
21329 19573
5675 6064
18644 15353
30615 14892
18069 27041
15669 23783
15527 25095
21282 10678
23237 19914
12394 9884
23624 26530
127 10390
27870 20386
2731 10096
21557 21376
19257 10118
8182 24933
16183 26826
7518 14030
8951 25587
8303 24620
16602 23830
16947 5116
1741 7417
25030 14135
17301 15886
7897 17428
26276 2999
5046 29007
13095 26603
17615 32353
3954 25797
24518 20137
19856 32036
1399 28807
24855 9702
20659 8689
765 4839
13805 2506
12256 6067
16641 29557
21953 24538
14217 15461
27538 19264
11700 7865
13099 29315
7450 17053
22345 31968
4422 9433
31236 5821
5472 23323
15524 26131
32012 16289
30970 13049
18795 10458
19116 2668
7247 8301
27206 21465
23762 21976
7961 2694
29842 21060
32010 4524
5346 21587
3725 9768
31020 2193
15590 3724
25517 31114
29855 24761
14635 28058
5043 662
5748 24159
3330 12996
32461 30536
1693 23455
19745 9654
26150 16819
30714 25392
21343 3292
14211 25068
13061 12463
27262 28651
16187 20011
26997 13274
12004 8864
8564 17047
9526 14313
8439 12856
27309 8132
10624 29002
31587 30369
5888 24969
14420 3834
17593 2996
7127 31804
28064 20188
11499 22558
16071 27686
9801 10300
8193 21806
19164 16757
6085 28690
31070 14524
8778 25611
22656 19402
21845 21476
17004 27733
13677 31424
31568 31271
1652 5927
30307 29717
26115 9039
19507 9418
3957 29309
19718 12150
18347 6114
28908 24432
2036 27210
6189 10814
20054 28845
30216 9131
17553 14452
4097 31231
13109 2897
29734 14761
8824 27273
11710 2171
3544 31218
11589 7502
27759 31307
19652 13338
4653 15792
5002 6689
10235 11191
17503 30289
7269 14951
6652 24822
29404 10749
23285 9745
13646 20251
24506 22470
14757 3449
24641 18301
1899 3462
25803 29658
2001 12688
10228 6654
28480 15230
13343 5947
26422 30846
3468 923
13030 10121
25745 9666
20870 16263
19411 1749
3746 11149
24219 18503
14598 16093
4037 16497
19555 29840
13387 21557
9760 23615
28211 5473
6078 8787
11420 32500
6865 14889
655 19895
25010 26400
29561 13112
9895 16204
14861 13642
27354 6313
32145 9184
22406 3414
25682 9193
487 6301
30750 10247
29917 26194
15720 3227
2213 27141
2959 9078
9262 3614
28974 1504
30014 25767
14616 7142
9204 29478
20784 3790
3023 20161
12974 25429
23576 5888
1854 24063
12190 32605
1542 9339
26031 17263
12566 28244
11636 15525
4554 20898
19139 760
22402 16385
26528 4250
23527 2964
960 11543
6754 3983
31705 19728
29412 22513
25617 31267
13808 5039
31104 15350
14378 24367
32613 26944
19843 11481
9701 24397
0
