200
111 101
104 61
199 59
133 169
136 100
183 183
58 86
71 55
31 147
57 93
159 129
49 81
175 105
117 23
1 41
137 129
163 119
180 80
143 60
43 75
27 108
192 55
111 45
152 56
178 69
71 99
35 168
146 86
195 83
195 59
86 3
114 137
24 31
67 53
87 80
77 59
80 143
125 74
54 27
87 142
15 120
87 161
69 70
154 131
100 60
157 28
3 10
190 138
125 179
198 20
191 51
175 180
188 132
69 96
113 7
19 176
65 74
144 48
138 4
124 98
126 172
192 173
38 132
91 113
157 193
160 89
181 103
35 44
140 62
78 74
109 58
180 14
18 6
52 196
11 164
160 153
183 122
130 106
55 78
193 50
118 45
32 120
21 69
176 96
100 172
182 192
171 40
150 140
158 106
122 68
107 65
73 37
166 39
136 159
91 139
118 183
24 7
109 125
20 69
142 60
70 140
111 177
146 35
101 54
17 66
27 99
102 131
195 154
2 140
99 74
35 191
124 49
138 18
19 32
58 33
187 178
38 181
179 155
164 169
84 167
14 153
54 62
168 180
201 165
14 55
27 103
197 143
26 48
185 12
180 102
86 98
191 15
29 41
4 107
196 17
129 195
103 182
144 11
139 81
19 119
57 11
34 164
36 89
113 10
185 106
1 90
63 63
73 197
82 66
109 101
85 117
153 172
126 120
112 37
4 183
76 19
171 44
4 48
97 89
87 130
75 121
153 194
24 95
88 57
118 27
159 200
146 61
93 152
166 173
78 48
63 55
118 74
21 134
144 89
116 97
97 82
32 2
197 11
134 157
134 162
17 185
201 130
52 200
56 70
8 160
26 148
96 163
153 62
58 61
89 28
167 192
49 7
152 8
91 79
7 98
151 177
147 157
67 175
37 32
5 199
21 39
164 101
174 176
34 122
154 105
52 38
136 6
16 158
144 133
170 14
131 193
194 18
192 12
158 86
44 35
14 47
187 169
90 183
125 184
122 88
131 91
43 136
167 14
87 61
103 191
36 34
29 108
73 119
70 60
109 183
123 148
118 171
191 73
154 39
185 74
127 39
157 116
107 78
86 119
132 87
65 36
200 1
116 14
167 29
185 71
28 69
141 126
71 196
173 79
47 120
61 14
8 22
141 176
136 147
113 43
166 53
123 33
66 52
53 175
13 24
184 179
21 74
103 21
173 122
57 157
192 150
10 102
194 162
111 84
118 104
177 90
161 163
143 136
22 9
155 148
82 12
191 60
18 74
101 30
190 159
199 101
41 182
185 141
9 10
92 87
83 38
7 106
82 133
33 47
182 161
58 138
142 17
120 104
74 114
179 168
133 130
155 102
162 170
48 170
74 102
159 86
104 162
25 17
109 67
112 55
190 104
116 80
88 33
156 36
199 196
78 131
66 111
155 138
87 180
73 62
177 168
173 34
188 6
161 101
140 162
189 97
36 74
21 102
141 86
116 142
113 99
185 67
6 161
179 133
90 113
70 24
140 128
83 93
27 12
169 18
149 93
79 48
161 197
14 141
161 57
162 48
1 108
194 177
62 48
53 38
119 167
1 85
70 170
134 83
55 19
166 124
37 143
56 197
142 65
117 81
22 112
92 122
56 124
190 125
70 95
132 125
36 50
17 42
158 116
54 19
135 188
162 107
109 93
188 52
130 165
138 31
128 137
88 141
162 151
199 79
151 146
49 2
92 39
51 181
24 52
138 100
66 145
194 168
22 141
130 166
163 93
91 173
77 69
116 106
10 126
178 52
24 65
189 201
19 98
1 11
181 64
4 148
