100
66 62
1 56
25 72
10 57
79 57
69 62
35 58
46 51
74 81
95 90
24 48
49 70
46 19
3 16
16 27
30 27
95 51
51 34
43 79
2 84
51 19
31 70
100 19
48 5
3 65
17 94
78 59
11 71
6 92
2 44
86 65
23 41
18 45
29 14
35 6
21 99
99 74
55 59
70 70
25 100
55 71
50 100
29 28
80 66
4 87
24 43
12 35
47 71
11 77
87 30
94 39
57 6
78 71
85 55
45 27
51 21
79 56
26 90
6 15
32 74
34 78
57 100
71 13
32 46
1 65
10 101
56 53
57 47
4 37
2 54
57 62
50 70
87 16
75 45
99 76
54 11
93 35
97 34
24 96
34 62
55 20
6 20
36 26
2 8
41 45
43 68
20 85
49 24
51 16
20 59
10 77
18 80
44 26
85 3
33 25
92 84
20 67
32 93
29 47
16 50
96 44
48 16
36 94
65 17
50 30
82 75
44 79
26 95
85 29
8 26
2 12
82 71
70 25
93 37
18 52
37 100
81 52
97 56
67 40
1 47
47 52
59 78
99 7
99 8
91 97
71 1
75 72
22 4
28 29
1 8
93 38
38 78
45 55
47 35
24 26
26 50
90 83
95 56
52 100
81 32
98 13
74 13
79 35
89 10
4 6
3 21
60 86
85 28
15 33
92 49
99 98
86 58
40 49
24 20
17 7
47 41
55 17
43 54
31 92
45 87
101 58
72 88
70 66
3 37
12 40
10 20
68 67
48 21
27 76
34 40
88 30
66 55
13 54
39 10
88 71
13 67
79 49
7 72
101 44
30 53
23 72
58 46
13 51
101 21
4 65
43 6
101 70
48 6
100 71
77 10
26 53
58 15
65 59
84 91
